Date/Time	Green Algae	Bluegreen	Diatoms	Cryptophyta	#5	#6	#7	Yellow substances	Total conc.	Transmission	Depth	Temp. Sample	Green Algae	Bluegreen	Diatoms	Cryptophyta	#5	#6	#7	Yellow substances	Total cell count	Trans. 700 nm	LED 3 [525 nm]	LED 4 [570 nm]	LED 5 [610 nm]	LED 6 [370 nm]	LED 7 [590 nm]	LED 8 [470 nm]	Pressure	Temp. LEDs	Temp. Sensor
date	µg/l	µg/l	µg/l	µg/l	µg/l	µg/l	µg/l	r.u.	µg/l	%	m	°C	cells/ml	cells/ml	cells/ml	cells/ml	cells/ml	cells/ml	cells/ml	r.u.	cells/ml	digits	digits	digits	digits	digits	digits	digits	bar	°C	°C
7/8/2024 9:29:46 AM	13.94	0.00	5.84	1.28	0.00	0.00	0.00	0.00	21.07	86.56	0.03	27.32	7389	0	2630	38	0	0	0	0	10057	157.88	23.67	5.55	22.18	46.76	25.30	77.44	1.00	24.15	24.33
7/8/2024 9:29:49 AM	14.55	0.00	4.93	1.63	0.00	0.00	0.00	0.00	21.11	87.28	0.09	27.26	7713	0	2218	49	0	0	0	0	9979	159.18	22.83	6.31	21.64	46.31	26.57	77.64	1.01	24.21	24.33
7/8/2024 9:29:51 AM	13.87	0.00	5.94	1.53	0.00	0.00	0.00	0.00	21.35	87.41	0.13	27.16	7352	0	2675	46	0	0	0	0	10073	159.42	24.24	6.50	22.76	46.40	26.15	79.37	1.01	24.27	24.47
7/8/2024 9:29:55 AM	12.92	0.00	7.40	1.04	0.00	0.00	0.00	0.00	21.36	86.66	0.19	26.90	6848	0	3331	31	0	0	0	0	10210	158.06	25.44	6.02	20.29	47.22	26.14	79.99	1.02	24.30	24.39
7/8/2024 9:29:57 AM	12.79	0.00	7.55	0.91	0.00	0.00	0.00	0.00	21.26	86.71	0.26	26.98	6780	0	3398	27	0	0	0	0	10205	158.15	25.24	6.12	21.19	46.43	25.06	79.93	1.03	24.37	24.46
7/8/2024 9:30:00 AM	13.15	0.00	6.87	1.42	0.00	0.00	0.00	0.00	21.44	86.89	0.27	27.07	6972	0	3094	42	0	0	0	0	10108	158.47	25.26	6.73	22.52	45.88	26.27	80.97	1.03	24.40	24.47
7/8/2024 9:30:03 AM	13.68	0.00	6.93	0.99	0.00	0.00	0.00	0.00	21.59	87.07	0.28	27.08	7248	0	3118	30	0	0	0	0	10395	158.80	24.50	5.23	21.41	46.38	25.89	81.17	1.03	24.46	24.44
7/8/2024 9:30:05 AM	13.30	0.00	6.97	1.26	0.00	0.00	0.00	0.00	21.53	86.62	0.28	27.04	7050	0	3135	38	0	0	0	0	10223	157.98	25.17	7.02	21.94	46.74	25.93	80.83	1.03	24.49	24.54
7/8/2024 9:30:09 AM	12.40	0.00	6.96	1.10	0.00	0.00	0.00	0.00	20.46	86.86	0.29	26.97	6573	0	3131	33	0	0	0	0	9737	158.42	24.53	6.10	20.69	45.32	24.79	76.40	1.03	24.54	24.55
7/8/2024 9:30:11 AM	12.72	0.00	6.74	1.00	0.00	0.00	0.00	0.00	20.46	86.52	0.30	27.02	6742	0	3034	30	0	0	0	0	9806	157.81	23.85	5.65	21.04	44.69	24.33	76.54	1.03	24.60	24.47
7/8/2024 9:30:14 AM	12.64	0.00	6.95	1.29	0.00	0.00	0.00	0.00	20.87	86.15	0.31	27.04	6698	0	3126	39	0	0	0	0	9864	157.14	24.96	6.40	21.55	45.39	25.59	78.48	1.03	24.62	24.57
7/8/2024 9:30:17 AM	14.30	0.00	5.03	1.99	0.00	0.00	0.00	0.00	21.33	86.83	0.30	27.04	7580	0	2266	60	0	0	0	0	9906	158.37	23.88	7.69	22.36	46.85	27.46	78.69	1.03	24.64	24.59
7/8/2024 9:30:19 AM	12.36	0.00	7.57	1.08	0.00	0.00	0.00	0.00	21.00	87.07	0.30	27.00	6549	0	3406	32	0	0	0	0	9987	158.81	25.58	5.95	21.62	45.77	25.24	79.19	1.03	24.72	24.60
7/8/2024 9:30:22 AM	12.41	0.00	7.34	1.11	0.00	0.00	0.00	0.00	20.85	86.41	0.32	26.85	6575	0	3301	33	0	0	0	0	9910	157.60	25.41	5.82	20.37	46.57	25.68	77.80	1.03	24.76	24.62
7/8/2024 9:30:25 AM	12.78	0.00	6.83	1.37	0.00	0.00	0.00	0.00	20.97	87.71	0.33	26.85	6772	0	3072	41	0	0	0	0	9885	159.97	25.12	7.02	21.62	46.26	25.67	78.34	1.03	24.80	24.65
7/8/2024 9:30:28 AM	12.67	0.00	7.42	1.01	0.00	0.00	0.00	0.00	21.10	86.86	0.41	26.87	6715	0	3337	30	0	0	0	0	10083	158.43	25.24	6.68	21.86	46.25	24.61	79.15	1.04	24.85	24.63
7/8/2024 9:30:30 AM	13.34	0.00	6.34	1.32	0.00	0.00	0.00	0.00	21.00	86.97	0.46	26.95	7072	0	2851	40	0	0	0	0	9963	158.62	24.33	6.18	21.56	46.31	25.70	77.99	1.05	24.88	24.65
7/8/2024 9:30:33 AM	13.85	0.00	6.33	1.23	0.00	0.00	0.00	0.00	21.41	86.90	0.51	27.09	7339	0	2847	37	0	0	0	0	10222	158.49	24.25	6.24	21.95	46.99	25.65	79.43	1.05	24.94	24.70
7/8/2024 9:30:36 AM	12.78	0.00	7.59	1.19	0.00	0.00	0.00	0.00	21.55	85.91	0.51	27.05	6771	0	3413	36	0	0	0	0	10220	156.69	25.83	6.58	21.41	46.17	26.40	81.85	1.05	24.95	24.73
7/8/2024 9:30:39 AM	12.15	0.00	8.12	0.84	0.00	0.00	0.00	0.00	21.11	86.29	0.50	27.02	6440	0	3652	25	0	0	0	0	10118	157.38	26.05	6.29	20.89	46.84	24.80	79.34	1.05	25.00	24.79
7/8/2024 9:30:42 AM	12.55	0.00	6.99	1.05	0.00	0.00	0.00	0.00	20.59	86.29	0.50	26.99	6652	0	3146	31	0	0	0	0	9830	157.39	24.54	5.59	20.58	45.62	24.98	76.80	1.05	25.04	24.73
7/8/2024 9:30:44 AM	12.76	0.00	7.60	0.91	0.00	0.00	0.00	0.00	21.26	87.11	0.50	26.95	6761	0	3421	27	0	0	0	0	10209	158.89	25.10	6.76	21.73	45.70	24.62	80.50	1.05	25.09	24.78
7/8/2024 9:30:47 AM	13.72	0.00	6.76	1.40	0.00	0.00	0.00	0.00	21.88	86.71	0.49	27.00	7270	0	3044	42	0	0	0	0	10356	158.15	25.72	5.52	23.06	48.04	26.77	81.40	1.05	25.14	24.83
7/8/2024 9:30:50 AM	12.19	0.00	7.67	1.08	0.00	0.00	0.00	0.00	20.94	86.49	0.51	27.08	6461	0	3451	32	0	0	0	0	9945	157.75	25.83	6.28	21.17	46.40	25.22	78.54	1.05	25.16	24.84
7/8/2024 9:30:52 AM	12.09	0.00	7.83	1.23	0.00	0.00	0.00	0.00	21.14	87.04	0.50	26.97	6406	0	3524	37	0	0	0	0	9966	158.75	26.30	6.35	21.71	45.83	25.94	80.19	1.05	25.17	24.78
7/8/2024 9:30:55 AM	12.21	0.00	8.16	1.20	0.00	0.00	0.00	0.00	21.57	86.61	0.50	26.94	6472	0	3673	36	0	0	0	0	10180	157.97	27.10	5.40	22.28	46.81	26.53	81.78	1.05	25.22	24.84
7/8/2024 9:30:58 AM	13.22	0.00	7.26	1.13	0.00	0.00	0.00	0.00	21.61	86.68	0.50	26.97	7007	0	3266	34	0	0	0	0	10307	158.10	25.49	5.58	22.84	46.58	25.68	81.32	1.05	25.25	24.86
7/8/2024 9:31:00 AM	12.87	0.00	8.24	0.99	0.00	0.00	0.00	0.00	22.10	86.46	0.50	27.04	6819	0	3709	30	0	0	0	0	10557	157.70	26.91	5.35	23.22	47.37	25.96	83.85	1.05	25.30	24.94
7/8/2024 9:31:04 AM	12.39	0.00	8.95	1.12	0.00	0.00	0.00	0.00	22.46	86.44	0.49	27.01	6567	0	4029	34	0	0	0	0	10630	157.65	28.12	7.31	22.28	47.71	27.11	86.41	1.05	25.34	24.95
7/8/2024 9:31:06 AM	12.40	0.00	8.73	1.18	0.00	0.00	0.00	0.00	22.31	86.09	0.49	27.02	6570	0	3930	35	0	0	0	0	10535	157.03	27.91	6.78	23.45	47.09	26.63	85.72	1.05	25.36	24.91
7/8/2024 9:31:09 AM	12.62	0.00	8.80	1.00	0.00	0.00	0.00	0.00	22.42	86.19	0.49	27.04	6690	0	3958	30	0	0	0	0	10678	157.21	27.61	6.25	22.40	47.31	26.87	86.19	1.05	25.39	24.97
7/8/2024 9:31:12 AM	12.90	0.00	8.52	1.22	0.00	0.00	0.00	0.00	22.64	86.52	0.49	27.02	6835	0	3832	37	0	0	0	0	10704	157.80	28.10	7.44	23.98	48.92	26.53	85.89	1.05	25.42	24.95
7/8/2024 9:31:14 AM	12.62	0.00	8.86	0.45	0.00	0.00	0.00	0.00	21.93	85.90	0.48	26.98	6687	0	3986	14	0	0	0	0	10686	156.67	26.01	6.14	22.61	45.51	23.98	84.56	1.05	25.48	25.00
7/8/2024 9:31:17 AM	11.93	0.00	8.59	1.00	0.00	0.00	0.00	0.00	21.52	86.75	0.51	26.83	6321	0	3867	30	0	0	0	0	10218	158.22	27.07	6.40	22.69	46.11	25.26	82.22	1.05	25.50	25.05
7/8/2024 9:31:20 AM	12.45	0.00	9.01	0.96	0.00	0.00	0.00	0.00	22.42	86.11	0.62	26.84	6600	0	4054	29	0	0	0	0	10683	157.06	27.93	6.68	22.89	47.70	26.28	85.99	1.06	25.52	25.07
7/8/2024 9:31:23 AM	12.11	0.00	9.23	0.94	0.00	0.00	0.00	0.00	22.27	86.15	0.65	27.00	6417	0	4153	28	0	0	0	0	10599	157.13	28.09	6.14	21.78	47.24	26.91	85.86	1.06	25.56	25.07
7/8/2024 9:31:26 AM	11.79	0.00	9.48	1.05	0.00	0.00	0.00	0.00	22.32	85.95	0.67	27.07	6250	0	4268	31	0	0	0	0	10549	156.76	28.79	6.45	22.37	47.33	27.07	86.27	1.07	25.60	25.08
7/8/2024 9:31:28 AM	12.50	0.00	9.48	0.71	0.00	0.00	0.00	0.00	22.69	86.26	0.72	27.01	6625	0	4266	21	0	0	0	0	10913	157.33	28.00	6.40	22.70	47.42	26.11	87.81	1.07	25.65	25.10
7/8/2024 9:31:31 AM	11.73	0.00	9.92	1.03	0.00	0.00	0.00	0.00	22.69	86.45	0.77	26.97	6219	0	4465	31	0	0	0	0	10715	157.68	29.51	6.84	22.68	47.81	27.36	88.11	1.08	25.67	25.13
7/8/2024 9:31:34 AM	12.36	0.00	9.75	0.88	0.00	0.00	0.00	0.00	22.98	86.38	0.80	26.93	6549	0	4386	26	0	0	0	0	10961	157.55	29.02	6.26	22.04	48.50	27.62	88.90	1.08	25.71	25.16
7/8/2024 9:31:37 AM	11.93	0.00	9.47	1.24	0.00	0.00	0.00	0.00	22.64	86.22	0.90	27.01	6322	0	4262	37	0	0	0	0	10621	157.27	29.37	5.75	23.47	47.43	27.96	87.74	1.09	25.75	25.21
7/8/2024 9:31:39 AM	11.98	0.00	8.94	0.96	0.00	0.00	0.00	0.00	21.88	86.49	0.95	27.08	6350	0	4022	29	0	0	0	0	10401	157.76	27.56	6.01	21.77	46.48	26.44	84.20	1.09	25.76	25.20
7/8/2024 9:31:42 AM	12.35	0.00	8.84	0.74	0.00	0.00	0.00	0.00	21.93	86.44	0.98	27.13	6547	0	3976	22	0	0	0	0	10545	157.66	26.84	6.32	21.53	46.65	25.55	84.08	1.10	25.80	25.23
7/8/2024 9:31:45 AM	12.21	0.00	8.54	1.15	0.00	0.00	0.00	0.00	21.90	86.59	1.00	27.14	6473	0	3841	34	0	0	0	0	10348	157.93	27.34	7.46	22.24	46.81	26.26	83.85	1.10	25.84	25.26
7/8/2024 9:31:48 AM	11.91	0.00	8.52	1.12	0.00	0.00	0.00	0.00	21.54	86.35	1.03	27.12	6312	0	3833	34	0	0	0	0	10178	157.49	27.20	6.46	22.23	46.16	26.01	82.43	1.10	25.86	25.29
7/8/2024 9:31:50 AM	11.57	0.00	9.55	0.73	0.00	0.00	0.00	0.00	21.85	85.93	1.06	27.09	6133	0	4298	22	0	0	0	0	10453	156.73	28.13	6.73	21.56	47.45	25.40	83.72	1.10	25.88	25.28
7/8/2024 9:31:53 AM	12.45	0.00	8.74	0.94	0.00	0.00	0.00	0.00	22.12	86.43	1.10	27.05	6597	0	3931	28	0	0	0	0	10556	157.64	27.50	6.09	22.50	47.60	26.10	84.33	1.11	25.91	25.24
7/8/2024 9:31:55 AM	12.26	0.00	8.97	0.94	0.00	0.00	0.00	0.00	22.17	86.02	1.14	27.06	6496	0	4037	28	0	0	0	0	10562	156.88	27.93	6.13	22.16	47.97	26.40	84.54	1.11	25.95	25.28
7/8/2024 9:31:58 AM	12.51	0.00	9.14	1.03	0.00	0.00	0.00	0.00	22.67	86.13	1.16	27.11	6629	0	4113	31	0	0	0	0	10772	157.10	28.45	6.64	22.20	48.57	27.32	86.91	1.11	25.97	25.32
7/8/2024 9:32:01 AM	12.45	0.00	8.58	1.15	0.00	0.00	0.00	0.00	22.18	86.37	1.20	27.08	6598	0	3860	35	0	0	0	0	10494	157.54	27.79	7.10	23.30	47.89	26.17	84.40	1.12	26.01	25.37
7/8/2024 9:32:04 AM	12.54	0.00	8.49	1.19	0.00	0.00	0.00	0.00	22.23	86.82	1.23	27.04	6648	0	3822	36	0	0	0	0	10506	158.36	27.52	7.03	22.63	47.27	26.82	85.11	1.12	26.01	25.36
7/8/2024 9:32:06 AM	12.46	0.00	8.34	1.06	0.00	0.00	0.00	0.00	21.86	86.47	1.27	27.01	6604	0	3752	32	0	0	0	0	10389	157.71	27.19	5.76	22.45	47.52	26.20	82.81	1.12	26.04	25.37
7/8/2024 9:32:09 AM	12.87	0.00	7.60	1.12	0.00	0.00	0.00	0.00	21.59	86.23	1.32	26.96	6823	0	3419	34	0	0	0	0	10276	157.28	25.65	6.37	21.05	46.11	26.47	82.11	1.13	26.06	25.40
7/8/2024 9:32:12 AM	12.90	0.00	8.21	1.18	0.00	0.00	0.00	0.00	22.29	86.33	1.37	26.94	6839	0	3693	35	0	0	0	0	10568	157.46	27.30	6.79	23.03	48.02	26.58	84.61	1.13	26.13	25.47
7/8/2024 9:32:15 AM	11.61	0.00	9.85	0.91	0.00	0.00	0.00	0.00	22.37	86.03	1.44	26.94	6156	0	4432	27	0	0	0	0	10615	156.90	29.24	5.90	21.93	48.08	27.06	86.18	1.14	26.13	25.45
7/8/2024 9:32:17 AM	12.86	0.00	8.64	1.28	0.00	0.00	0.00	0.00	22.78	86.14	1.47	26.90	6814	0	3888	38	0	0	0	0	10740	157.11	28.25	6.88	23.09	48.39	27.78	87.23	1.14	26.16	25.50
7/8/2024 9:32:20 AM	13.69	0.00	10.26	1.08	0.00	0.00	0.00	0.00	25.03	86.03	1.49	26.65	7254	0	4617	32	0	0	0	0	11904	156.91	31.70	6.64	24.58	54.07	29.70	95.58	1.15	26.18	25.52
7/8/2024 9:32:23 AM	14.59	0.00	9.62	0.98	0.00	0.00	0.00	0.00	25.20	86.36	1.54	26.26	7734	0	4329	30	0	0	0	0	12093	157.51	30.89	7.16	24.14	56.15	29.17	94.41	1.15	26.22	25.57
7/8/2024 9:32:25 AM	14.79	0.00	9.17	1.34	0.00	0.00	0.00	0.00	25.30	85.93	1.59	26.14	7836	0	4127	40	0	0	0	0	12004	156.74	31.06	7.57	24.86	56.22	30.09	94.72	1.16	26.26	25.63
7/8/2024 9:32:28 AM	14.84	0.00	9.10	1.56	0.00	0.00	0.00	0.00	25.50	86.07	1.63	25.53	7867	0	4095	47	0	0	0	0	12008	156.98	31.45	8.14	25.11	56.38	30.91	95.74	1.16	26.27	25.57
7/8/2024 9:32:31 AM	15.74	0.00	8.18	1.87	0.00	0.00	0.00	0.00	25.80	86.16	1.68	25.36	8344	0	3681	56	0	0	0	0	12081	157.14	31.14	7.97	26.29	57.59	31.61	95.68	1.16	26.26	25.55
7/8/2024 9:32:34 AM	15.72	0.00	7.37	1.92	0.00	0.00	0.00	0.00	25.02	86.86	1.70	25.38	8334	0	3315	58	0	0	0	0	11707	158.43	29.61	8.66	26.01	56.21	30.37	92.13	1.17	26.30	25.60
7/8/2024 9:32:36 AM	14.93	0.00	4.40	2.37	0.00	0.00	0.00	0.00	21.69	86.16	1.74	24.54	7913	0	1978	71	0	0	0	0	9962	157.15	24.71	7.34	22.95	50.34	28.75	77.66	1.17	26.32	25.63
7/8/2024 9:32:39 AM	14.05	0.00	3.55	2.40	0.00	0.00	0.00	0.00	20.00	86.79	1.76	24.45	7446	0	1596	72	0	0	0	0	9115	158.29	22.66	7.49	21.53	47.07	27.03	70.89	1.17	26.38	25.63
7/8/2024 9:32:42 AM	14.92	0.00	3.51	2.55	0.00	0.00	0.00	0.00	20.99	86.78	1.80	24.60	7909	0	1580	77	0	0	0	0	9566	158.28	23.60	7.13	23.05	49.33	28.21	74.16	1.18	26.37	25.66
7/8/2024 9:32:45 AM	14.70	0.00	3.17	2.39	0.00	0.00	0.00	0.00	20.26	87.00	1.81	24.48	7792	0	1426	72	0	0	0	0	9289	158.67	22.30	6.97	22.30	47.78	26.91	71.23	1.18	26.37	25.61
7/8/2024 9:32:47 AM	13.77	0.00	2.61	2.51	0.00	0.00	0.00	0.00	18.89	86.90	1.85	24.10	7298	0	1176	75	0	0	0	0	8549	158.50	21.25	6.72	21.10	45.68	26.08	65.58	1.18	26.42	25.65
7/8/2024 9:32:50 AM	12.26	0.00	1.42	2.85	0.00	0.00	0.00	0.10	16.53	87.34	1.86	24.03	6496	0	640	85	0	0	0	0	7221	159.30	19.08	6.16	19.02	41.41	25.39	57.77	1.18	26.43	25.74
7/8/2024 9:32:53 AM	12.08	0.00	1.69	2.59	0.00	0.00	0.00	0.06	16.36	86.95	1.85	24.06	6404	0	761	78	0	0	0	0	7243	158.58	18.71	6.54	19.11	40.54	23.98	56.95	1.18	26.47	25.79
7/8/2024 9:32:56 AM	12.82	0.00	1.19	2.66	0.00	0.00	0.00	0.04	16.67	87.48	1.84	23.98	6793	0	536	80	0	0	0	0	7409	159.56	18.18	6.59	19.22	40.90	24.41	57.53	1.18	26.45	25.76
7/8/2024 9:32:58 AM	11.58	0.00	1.30	2.80	0.00	0.00	0.00	0.07	15.68	87.16	1.83	24.03	6138	0	584	84	0	0	0	0	6806	158.98	18.15	6.80	18.27	38.99	24.20	54.72	1.18	26.50	25.74
7/8/2024 9:33:01 AM	12.04	0.19	0.89	2.42	0.00	0.00	0.00	0.15	15.55	87.49	1.85	23.87	6383	189	402	73	0	0	0	0	7045	159.58	16.85	6.07	19.20	39.46	22.97	53.52	1.18	26.51	25.84
7/8/2024 9:33:04 AM	11.75	0.03	0.84	2.64	0.00	0.00	0.00	0.00	15.26	86.77	1.87	23.72	6230	33	378	79	0	0	0	0	6721	158.26	16.80	5.83	18.67	36.95	23.03	52.15	1.18	26.53	25.81
7/8/2024 9:33:06 AM	10.44	0.00	0.83	2.81	0.00	0.00	0.00	0.15	14.08	87.04	1.93	23.63	5536	0	373	84	0	0	0	0	5993	158.75	16.81	6.39	17.70	36.39	22.53	49.57	1.19	26.53	25.87
7/8/2024 9:33:10 AM	9.26	0.41	0.78	2.61	0.00	0.00	0.00	0.21	13.05	86.89	1.98	22.99	4907	408	351	78	0	0	0	0	5744	158.48	15.91	5.87	17.92	34.10	22.19	45.10	1.19	26.54	25.92
7/8/2024 9:33:12 AM	9.47	0.00	0.37	3.08	0.00	0.00	0.00	0.25	12.92	87.09	2.01	23.02	5018	0	168	92	0	0	0	0	5279	158.85	16.32	6.30	17.10	34.95	22.41	46.23	1.20	26.57	25.84
7/8/2024 9:33:15 AM	9.37	0.66	1.53	2.25	0.00	0.00	0.00	0.14	13.82	87.48	2.03	23.29	4966	663	689	68	0	0	0	0	6386	159.56	16.56	5.92	18.83	34.58	22.51	46.69	1.20	26.58	25.85
7/8/2024 9:33:18 AM	9.06	0.18	0.89	3.14	0.00	0.00	0.00	0.12	13.27	86.72	2.07	23.19	4804	180	399	94	0	0	0	0	5478	158.16	17.25	6.31	18.18	33.72	23.32	46.22	1.20	26.56	25.97
7/8/2024 9:33:20 AM	9.17	0.00	0.42	3.79	0.00	0.00	0.00	0.19	13.37	87.15	2.13	22.94	4860	0	187	114	0	0	0	0	5160	158.96	18.21	7.03	18.51	35.21	24.77	47.65	1.21	26.58	25.92
7/8/2024 9:33:23 AM	9.24	0.00	0.33	4.25	0.00	0.00	0.00	0.21	13.82	87.04	2.19	22.59	4898	0	150	127	0	0	0	0	5175	158.75	19.47	8.02	19.80	36.61	26.17	49.46	1.21	26.59	25.95
7/8/2024 9:33:26 AM	10.21	0.05	0.00	4.32	0.00	0.00	0.00	0.12	14.58	87.09	2.25	22.43	5410	48	0	130	0	0	0	0	5588	158.84	19.29	8.33	20.74	37.02	26.86	50.94	1.22	26.61	25.97
7/8/2024 9:33:29 AM	9.76	0.00	0.00	4.83	0.00	0.00	0.00	0.21	14.59	86.89	2.29	22.21	5171	0	0	145	0	0	0	0	5316	158.48	20.84	8.52	20.63	38.33	28.68	52.18	1.22	26.60	25.97
7/8/2024 9:33:32 AM	9.93	0.02	0.00	5.51	0.00	0.00	0.00	0.17	15.46	87.05	2.33	22.05	5260	20	0	165	0	0	0	0	5446	158.77	22.70	9.61	22.97	40.05	31.15	54.96	1.23	26.63	26.00
7/8/2024 9:33:34 AM	9.98	0.00	0.00	6.19	0.00	0.00	0.00	0.25	16.17	86.63	2.37	21.99	5291	0	0	186	0	0	0	0	5477	158.01	25.27	10.36	23.47	42.77	33.87	58.60	1.23	26.63	25.95
7/8/2024 9:33:37 AM	12.66	1.63	0.00	12.75	0.00	0.00	0.00	0.35	27.04	86.13	2.44	21.56	6711	1625	0	383	0	0	0	0	8719	157.09	46.62	21.57	47.51	68.08	65.27	93.40	1.24	26.61	25.93
7/8/2024 9:33:40 AM	18.86	2.75	0.00	26.77	0.00	0.00	0.00	0.00	48.38	85.09	2.43	21.31	9998	2749	0	803	0	0	0	0	13551	155.21	91.68	43.92	90.25	112.57	122.74	165.89	1.24	26.61	26.02
7/8/2024 9:33:43 AM	16.42	1.50	0.00	23.67	0.00	0.00	0.00	0.07	41.59	85.05	2.50	21.74	8702	1500	0	710	0	0	0	0	10912	155.13	80.02	38.01	75.45	99.79	106.69	145.67	1.25	26.61	26.03
7/8/2024 9:33:45 AM	18.16	2.13	0.00	25.28	0.00	0.00	0.00	0.04	45.57	85.30	2.57	21.59	9623	2133	0	758	0	0	0	0	12514	155.58	86.35	41.10	83.28	108.03	115.51	157.54	1.25	26.61	26.06
7/8/2024 9:33:48 AM	19.06	2.03	0.00	25.81	0.00	0.00	0.00	0.00	46.90	85.02	2.50	21.25	10104	2028	0	774	0	0	0	0	12906	155.07	87.75	41.75	84.36	110.56	118.44	162.44	1.24	26.68	26.05
7/8/2024 9:33:51 AM	18.50	2.66	0.00	25.53	0.00	0.00	0.00	0.00	46.69	85.34	2.61	20.92	9804	2659	0	766	0	0	0	0	13229	155.65	87.90	41.33	86.22	109.28	118.25	159.45	1.26	26.61	26.10
7/8/2024 9:33:54 AM	15.92	2.34	0.00	22.52	0.00	0.00	0.00	0.00	40.78	85.31	2.65	20.59	8440	2336	0	675	0	0	0	0	11451	155.60	77.14	36.07	75.60	95.26	104.78	139.51	1.26	26.63	26.06
7/8/2024 9:33:57 AM	14.80	2.17	0.00	22.15	0.00	0.00	0.00	0.02	39.12	85.45	2.69	20.16	7842	2170	0	665	0	0	0	0	10677	155.85	75.23	35.53	73.01	92.10	102.19	134.32	1.26	26.65	26.10
7/8/2024 9:33:59 AM	14.72	2.72	0.00	21.38	0.00	0.00	0.00	0.00	38.82	85.44	2.70	20.10	7803	2716	0	641	0	0	0	0	11160	155.84	73.31	34.54	73.25	89.92	101.13	131.32	1.26	26.63	26.18
7/8/2024 9:34:02 AM	15.32	3.11	0.00	21.47	0.00	0.00	0.00	0.00	39.90	85.80	2.72	20.20	8119	3112	0	644	0	0	0	0	11875	156.50	73.77	35.27	75.54	90.91	103.30	134.42	1.27	26.66	26.13
7/8/2024 9:34:05 AM	13.05	3.63	0.00	17.63	0.00	0.00	0.00	0.00	34.31	86.07	2.79	19.86	6917	3631	0	529	0	0	0	0	11077	156.99	61.96	29.74	66.50	77.55	89.35	111.65	1.27	26.62	26.19
7/8/2024 9:34:07 AM	13.41	4.15	0.00	18.52	0.00	0.00	0.00	0.00	36.08	85.87	2.84	19.48	7109	4149	0	555	0	0	0	0	11813	156.62	65.39	31.38	71.03	81.01	94.20	116.36	1.28	26.61	26.14
7/8/2024 9:34:10 AM	13.08	4.68	0.00	16.74	0.00	0.00	0.00	0.00	34.49	86.00	2.88	19.08	6933	4677	0	502	0	0	0	0	12112	156.86	60.32	29.11	68.73	75.84	89.21	108.87	1.28	26.61	26.16
7/8/2024 9:34:13 AM	11.00	6.27	0.79	14.39	0.00	0.00	0.00	0.06	32.45	86.16	2.95	18.91	5829	6275	355	432	0	0	0	0	12890	157.14	55.26	28.06	68.33	69.93	84.66	96.49	1.29	26.61	26.22
7/8/2024 9:34:15 AM	8.53	9.69	0.90	9.94	0.00	0.00	0.00	0.00	29.05	86.07	3.03	18.00	4520	9686	406	298	0	0	0	0	14910	156.99	43.21	22.96	68.11	55.23	78.71	72.42	1.30	26.62	26.24
7/8/2024 9:34:18 AM	9.26	9.92	0.25	10.61	0.00	0.00	0.00	0.01	30.05	85.92	3.11	17.80	4908	9924	114	318	0	0	0	0	15264	156.71	44.46	23.98	70.49	57.63	81.87	74.77	1.30	26.59	26.27
7/8/2024 9:34:21 AM	8.58	11.86	0.75	8.21	0.00	0.00	0.00	0.02	29.39	85.87	3.17	17.75	4545	11862	336	246	0	0	0	0	16989	156.63	39.43	21.62	71.68	53.06	79.93	65.84	1.31	26.56	26.22
7/8/2024 9:34:24 AM	7.82	13.88	0.47	7.05	0.00	0.00	0.00	0.00	29.22	85.97	3.23	17.30	4143	13877	212	212	0	0	0	0	18444	156.81	36.32	21.46	75.49	49.12	81.49	58.22	1.32	26.56	26.22
7/8/2024 9:34:26 AM	7.76	11.70	0.00	8.22	0.00	0.00	0.00	0.00	27.67	85.70	3.27	17.25	4111	11698	0	247	0	0	0	0	16056	156.30	36.77	20.39	69.27	48.08	78.85	60.60	1.32	26.55	26.22
7/8/2024 9:34:29 AM	8.10	14.18	0.00	6.97	0.00	0.00	0.00	0.00	29.25	85.67	3.30	17.71	4292	14181	0	209	0	0	0	0	18682	156.26	35.22	21.60	76.43	47.91	81.88	57.56	1.32	26.54	26.27
7/8/2024 9:34:32 AM	7.29	13.65	0.00	6.40	0.00	0.00	0.00	0.00	27.34	85.59	3.36	17.74	3863	13653	0	192	0	0	0	0	17708	156.10	32.72	19.41	72.05	44.29	78.06	52.47	1.33	26.50	26.26
7/8/2024 9:34:35 AM	6.84	15.81	2.03	3.97	0.00	0.00	0.00	0.00	28.65	85.62	3.40	17.09	3624	15812	914	119	0	0	0	0	20469	156.17	31.19	19.11	76.22	44.11	77.52	50.34	1.33	26.49	26.22
7/8/2024 9:34:38 AM	7.38	14.64	0.89	4.26	0.00	0.00	0.00	0.00	27.16	86.07	3.46	16.25	3911	14641	399	128	0	0	0	0	19080	156.98	29.03	18.27	72.06	42.02	73.98	48.53	1.34	26.47	26.24
7/8/2024 9:34:40 AM	7.42	14.50	0.66	4.78	0.00	0.00	0.00	0.00	27.36	86.01	3.50	15.64	3931	14501	299	143	0	0	0	0	18873	156.87	30.22	18.57	72.29	43.53	75.36	49.14	1.34	26.46	26.26
7/8/2024 9:34:43 AM	8.10	14.85	0.00	4.59	0.00	0.00	0.00	0.00	27.54	85.80	3.53	15.60	4292	14846	0	138	0	0	0	0	19275	156.49	28.80	18.26	72.91	43.33	75.91	48.09	1.35	26.44	26.27
7/8/2024 9:34:46 AM	7.51	15.18	0.38	3.82	0.00	0.00	0.00	0.03	26.88	85.67	3.57	15.17	3981	15176	170	115	0	0	0	0	19442	156.26	27.37	17.66	72.32	41.76	73.97	44.95	1.35	26.41	26.34
7/8/2024 9:34:49 AM	8.15	14.45	0.00	4.31	0.00	0.00	0.00	0.04	26.91	85.64	3.65	15.10	4322	14450	0	129	0	0	0	0	18901	156.20	27.86	17.88	71.02	43.04	73.43	47.31	1.36	26.37	26.32
7/8/2024 9:34:51 AM	7.45	13.73	0.00	4.01	0.00	0.00	0.00	0.30	25.19	85.23	3.74	14.70	3949	13727	0	120	0	0	0	0	17796	155.46	26.53	16.60	66.96	43.64	69.90	45.46	1.37	26.36	26.34
7/8/2024 9:34:54 AM	7.86	13.54	0.00	3.93	0.00	0.00	0.00	0.36	25.34	84.95	3.80	14.26	4168	13539	0	118	0	0	0	0	17825	154.94	26.41	16.29	66.25	45.15	69.66	46.93	1.37	26.32	26.30
7/8/2024 9:34:57 AM	7.99	12.97	0.01	3.92	0.00	0.00	0.00	0.45	24.89	85.38	3.85	14.19	4233	12969	6	118	0	0	0	0	17325	155.73	26.56	15.92	64.67	46.15	67.44	47.78	1.38	26.30	26.27
7/8/2024 9:35:00 AM	9.24	13.74	0.24	3.20	0.00	0.00	0.00	0.62	26.41	84.69	3.97	13.94	4895	13738	108	96	0	0	0	0	18836	154.47	26.49	16.15	67.26	50.92	68.53	51.43	1.39	26.26	26.37
7/8/2024 9:35:03 AM	9.39	13.44	0.12	3.18	0.00	0.00	0.00	0.68	26.12	84.55	3.98	14.35	4976	13438	52	95	0	0	0	0	18562	154.21	26.20	15.65	66.08	51.51	67.64	51.71	1.39	26.21	26.30
7/8/2024 9:35:05 AM	9.38	13.07	0.55	3.09	0.00	0.00	0.00	0.63	26.09	84.67	3.95	14.88	4970	13072	249	93	0	0	0	0	18384	154.44	26.50	15.51	64.96	51.34	66.43	52.63	1.39	26.20	26.27
7/8/2024 9:35:08 AM	9.54	13.42	0.00	3.62	0.00	0.00	0.00	0.64	26.57	84.58	3.98	14.93	5054	13417	0	108	0	0	0	0	18579	154.27	26.98	16.55	66.88	52.04	69.21	53.10	1.39	26.16	26.29
7/8/2024 9:35:11 AM	9.33	12.97	0.00	3.47	0.00	0.00	0.00	0.68	25.76	84.71	4.04	14.60	4944	12970	0	104	0	0	0	0	18018	154.51	26.32	15.66	64.74	51.41	67.11	52.03	1.40	26.16	26.30
7/8/2024 9:35:14 AM	9.96	13.70	0.00	3.13	0.00	0.00	0.00	0.84	26.79	84.28	4.13	14.63	5277	13702	0	94	0	0	0	0	19073	153.71	26.60	16.26	67.50	54.83	68.55	54.08	1.40	26.09	26.27
7/8/2024 9:35:17 AM	10.35	13.86	0.46	2.60	0.00	0.00	0.00	0.97	27.27	83.88	4.25	14.10	5483	13864	207	78	0	0	0	0	19633	152.98	26.66	15.69	67.62	57.56	68.16	56.14	1.42	26.06	26.27
7/8/2024 9:35:19 AM	11.23	14.16	0.64	2.44	0.00	0.00	0.00	1.01	28.46	83.65	4.36	13.19	5950	14155	289	73	0	0	0	0	20468	152.58	27.31	16.19	69.33	60.48	69.25	59.48	1.43	26.02	26.29
7/8/2024 9:35:22 AM	13.38	14.54	0.00	2.58	0.00	0.00	0.00	1.41	30.50	82.80	4.45	13.23	7090	14542	0	77	0	0	0	0	21710	151.02	28.57	16.04	71.96	70.29	73.07	67.49	1.44	26.01	26.30
7/8/2024 9:35:25 AM	13.80	16.20	1.16	1.55	0.00	0.00	0.00	1.43	32.71	82.19	4.53	13.21	7315	16199	523	47	0	0	0	0	24083	149.92	29.58	16.89	77.46	73.32	75.83	70.16	1.44	25.98	26.29
7/8/2024 9:35:28 AM	14.65	15.31	0.09	2.56	0.00	0.00	0.00	1.70	32.61	81.58	4.55	12.83	7765	15307	41	77	0	0	0	0	23190	148.79	30.71	17.17	76.28	78.12	76.42	74.18	1.45	25.90	26.27
7/8/2024 9:35:30 AM	14.87	16.01	1.14	1.36	0.00	0.00	0.00	1.81	33.38	81.66	4.56	12.73	7879	16013	511	41	0	0	0	0	24445	148.94	30.23	16.69	77.36	80.33	75.60	75.38	1.45	25.86	26.24
7/8/2024 9:35:33 AM	15.18	14.22	0.00	2.58	0.00	0.00	0.00	1.94	31.98	81.24	4.57	13.13	8046	14219	0	77	0	0	0	0	22342	148.18	30.03	16.17	71.97	81.55	74.46	77.02	1.45	25.85	26.24
7/8/2024 9:35:36 AM	15.57	16.67	0.49	1.48	0.00	0.00	0.00	1.84	34.21	81.49	4.58	13.66	8252	16672	221	44	0	0	0	0	25190	148.63	30.11	17.31	80.07	81.71	78.11	76.00	1.45	25.80	26.22
7/8/2024 9:35:38 AM	15.47	17.58	1.16	1.12	0.00	0.00	0.00	1.83	35.33	81.26	4.59	13.94	8200	17582	520	34	0	0	0	0	26336	148.21	30.97	18.18	83.24	82.80	80.14	77.08	1.45	25.78	26.21
7/8/2024 9:35:41 AM	15.65	16.05	0.09	2.20	0.00	0.00	0.00	1.83	33.99	81.31	4.61	14.29	8294	16047	42	66	0	0	0	0	24449	148.31	30.99	17.31	79.01	81.91	78.52	77.15	1.45	25.74	26.21
7/8/2024 9:35:44 AM	16.01	15.22	0.00	2.36	0.00	0.00	0.00	1.98	33.60	81.04	4.63	14.66	8487	15221	0	71	0	0	0	0	23779	147.81	31.03	17.06	76.47	84.37	76.86	79.44	1.45	25.66	26.19
7/8/2024 9:35:47 AM	16.15	15.75	0.00	2.34	0.00	0.00	0.00	2.03	34.23	81.03	4.63	14.50	8559	15748	0	70	0	0	0	0	24377	147.80	31.35	17.37	78.25	85.75	78.92	80.27	1.45	25.65	26.18
7/8/2024 9:35:49 AM	15.93	14.40	0.60	1.49	0.00	0.00	0.00	1.95	32.41	81.02	4.72	14.22	8442	14396	271	45	0	0	0	0	23154	147.78	29.25	15.71	72.25	82.44	71.07	77.81	1.46	25.60	26.16
7/8/2024 9:35:52 AM	17.06	14.08	0.66	1.11	0.00	0.00	0.00	2.29	32.91	80.35	4.81	13.36	9043	14076	299	33	0	0	0	0	23451	146.56	29.41	15.18	71.36	88.82	69.84	82.64	1.47	25.60	26.19
7/8/2024 9:35:55 AM	16.93	14.34	0.00	1.75	0.00	0.00	0.00	2.43	33.02	80.29	4.91	12.45	8974	14338	0	53	0	0	0	0	23365	146.45	30.15	15.91	72.91	90.51	72.62	83.02	1.48	25.51	26.19
7/8/2024 9:35:58 AM	16.46	14.34	0.62	1.22	0.00	0.00	0.00	2.43	32.64	80.63	5.00	12.29	8723	14338	281	36	0	0	0	0	23379	147.06	29.77	15.55	72.10	89.60	70.61	81.89	1.49	25.45	26.16
7/8/2024 9:36:00 AM	16.26	14.15	0.60	1.13	0.00	0.00	0.00	2.40	32.13	80.69	5.06	12.30	8618	14148	268	34	0	0	0	0	23068	147.17	29.14	15.27	71.01	88.32	69.44	80.55	1.50	25.42	26.08
7/8/2024 9:36:03 AM	15.88	13.33	0.37	1.41	0.00	0.00	0.00	2.33	31.00	81.24	5.15	12.47	8419	13328	168	42	0	0	0	0	21958	148.18	28.60	14.71	68.06	85.98	67.28	78.84	1.50	25.40	26.14
7/8/2024 9:36:06 AM	14.64	13.77	0.64	1.00	0.00	0.00	0.00	2.29	30.04	81.58	5.25	12.35	7759	13769	287	30	0	0	0	0	21846	148.79	27.47	14.36	67.88	82.47	66.51	74.03	1.51	25.37	26.19
7/8/2024 9:36:09 AM	14.33	12.52	0.44	1.21	0.00	0.00	0.00	2.29	28.51	81.92	5.37	12.05	7596	12519	200	36	0	0	0	0	20352	149.42	26.64	13.78	63.45	80.67	62.60	72.71	1.53	25.31	26.06
7/8/2024 9:36:11 AM	14.39	12.98	0.56	1.13	0.00	0.00	0.00	2.21	29.06	82.09	5.48	12.12	7629	12978	253	34	0	0	0	0	20893	149.74	26.81	14.24	65.12	80.20	63.81	72.62	1.54	25.25	26.06
7/8/2024 9:36:14 AM	12.02	12.08	0.53	1.03	0.00	0.00	0.00	1.92	25.66	83.89	5.61	12.05	6368	12081	239	31	0	0	0	0	18720	153.01	23.91	12.99	59.48	69.52	58.42	62.07	1.55	25.20	26.06
7/8/2024 9:36:16 AM	11.36	11.33	0.18	1.24	0.00	0.00	0.00	1.84	24.11	84.68	5.65	11.84	6019	11330	83	37	0	0	0	0	17469	154.44	22.73	12.32	56.25	65.87	55.83	58.55	1.55	25.16	26.00
7/8/2024 9:36:19 AM	11.38	11.29	0.00	1.53	0.00	0.00	0.00	1.91	24.21	84.45	5.65	12.01	6033	11288	0	46	0	0	0	0	17367	154.04	23.22	12.48	56.43	67.20	56.95	59.55	1.55	25.15	26.08
7/8/2024 9:36:22 AM	10.82	11.26	0.00	1.57	0.00	0.00	0.00	1.86	23.65	84.29	5.67	12.09	5734	11264	0	47	0	0	0	0	17046	153.73	22.92	12.46	55.98	65.27	56.42	57.47	1.56	25.05	26.00
7/8/2024 9:36:25 AM	11.20	11.19	0.83	0.88	0.00	0.00	0.00	1.86	24.10	84.45	5.76	12.50	5938	11188	372	26	0	0	0	0	17525	154.03	22.89	12.32	55.52	66.37	54.38	59.33	1.56	25.01	26.05
7/8/2024 9:36:28 AM	10.61	10.87	0.00	1.55	0.00	0.00	0.00	1.81	23.03	84.91	5.87	12.10	5621	10873	0	47	0	0	0	0	16541	154.87	22.35	11.96	54.22	63.70	55.03	56.27	1.58	24.96	26.02
7/8/2024 9:36:30 AM	9.96	10.57	0.00	1.40	0.00	0.00	0.00	1.71	21.93	85.24	6.05	11.51	5276	10575	0	42	0	0	0	0	15893	155.48	21.20	11.70	52.43	60.08	52.56	52.72	1.59	24.94	26.05
7/8/2024 9:36:33 AM	9.59	10.76	0.00	1.43	0.00	0.00	0.00	1.67	21.78	85.54	6.13	11.46	5085	10757	0	43	0	0	0	0	15885	156.02	20.97	11.41	52.46	58.97	53.47	51.45	1.60	24.91	25.97
7/8/2024 9:36:36 AM	9.27	11.17	0.49	0.79	0.00	0.00	0.00	1.63	21.72	85.57	6.24	11.61	4915	11166	220	24	0	0	0	0	16325	156.07	20.35	11.44	53.10	57.61	52.15	49.71	1.61	24.80	25.92
7/8/2024 9:36:39 AM	9.38	10.72	0.00	1.28	0.00	0.00	0.00	1.63	21.39	85.43	6.30	11.69	4974	10723	0	38	0	0	0	0	15736	155.82	20.41	11.30	52.02	57.43	52.37	49.86	1.62	24.80	25.85
7/8/2024 9:36:42 AM	8.72	10.62	0.00	1.01	0.00	0.00	0.00	1.60	20.35	85.91	6.38	11.70	4620	10623	0	30	0	0	0	0	15274	156.69	19.06	11.09	50.52	54.77	50.38	46.43	1.63	24.74	25.92
7/8/2024 9:36:44 AM	8.12	10.40	0.00	1.04	0.00	0.00	0.00	1.56	19.56	85.53	6.55	11.39	4304	10396	0	31	0	0	0	0	14731	156.00	18.62	10.64	49.20	52.66	49.34	44.23	1.64	24.70	25.90
7/8/2024 9:36:47 AM	7.72	10.78	0.45	0.54	0.00	0.00	0.00	1.49	19.49	85.42	6.67	11.12	4091	10783	202	16	0	0	0	0	15093	155.80	18.08	10.60	49.74	50.91	48.56	42.37	1.65	24.66	25.85
7/8/2024 9:36:50 AM	6.52	9.27	0.00	0.87	0.00	0.00	0.00	1.39	16.65	85.54	6.86	10.97	3453	9267	0	26	0	0	0	0	12746	156.01	16.01	9.35	43.22	45.12	43.64	36.80	1.67	24.59	25.90
7/8/2024 9:36:53 AM	6.06	9.55	0.01	0.76	0.00	0.00	0.00	1.31	16.39	85.52	7.03	10.89	3213	9553	6	23	0	0	0	0	12795	155.98	15.66	9.41	43.85	42.94	43.49	34.45	1.69	24.55	25.92
7/8/2024 9:36:55 AM	5.66	9.51	0.04	0.77	0.00	0.00	0.00	1.20	15.98	84.81	7.18	10.96	2998	9515	16	23	0	0	0	0	12553	154.69	15.24	9.37	43.37	40.48	42.99	32.45	1.70	24.49	25.90
7/8/2024 9:36:58 AM	5.08	9.41	0.00	0.73	0.00	0.00	0.00	1.15	15.22	83.76	7.36	10.75	2693	9409	0	22	0	0	0	0	12124	152.77	14.54	9.14	42.34	38.24	42.01	29.93	1.72	24.43	25.76
7/8/2024 9:37:01 AM	4.93	9.28	0.07	0.73	0.00	0.00	0.00	1.11	15.01	82.99	7.50	10.65	2613	9277	32	22	0	0	0	0	11944	151.36	14.46	8.94	41.77	37.40	41.52	29.41	1.73	24.40	25.76
7/8/2024 9:37:04 AM	5.23	9.86	0.00	0.84	0.00	0.00	0.00	1.06	15.93	81.68	7.65	10.56	2773	9855	0	25	0	0	0	0	12653	148.98	15.02	9.68	44.29	37.94	43.97	30.31	1.75	24.32	25.76
7/8/2024 9:37:06 AM	5.25	9.37	0.00	0.91	0.00	0.00	0.00	1.06	15.54	81.43	7.67	10.53	2783	9375	0	27	0	0	0	0	12185	148.52	14.95	9.41	42.75	37.84	42.62	30.56	1.75	24.28	25.73
7/8/2024 9:37:09 AM	5.33	9.50	0.00	0.94	0.00	0.00	0.00	1.04	15.77	81.31	7.76	10.63	2826	9498	0	28	0	0	0	0	12352	148.31	15.03	9.37	43.15	37.88	43.43	30.82	1.76	24.25	25.76
7/8/2024 9:37:12 AM	5.41	9.88	0.24	0.79	0.00	0.00	0.00	1.07	16.32	80.62	7.93	10.49	2865	9878	109	24	0	0	0	0	12876	147.04	15.58	9.78	44.72	38.99	44.15	31.74	1.78	24.19	25.73
7/8/2024 9:37:14 AM	6.13	9.94	0.00	1.42	0.00	0.00	0.00	1.06	17.49	79.70	8.14	10.37	3249	9943	0	43	0	0	0	0	13235	145.37	17.22	10.61	46.59	41.61	47.20	35.54	1.80	24.16	25.74
7/8/2024 9:37:17 AM	6.40	10.13	0.15	1.34	0.00	0.00	0.00	1.04	18.01	78.97	8.40	10.24	3390	10131	66	40	0	0	0	0	13628	144.04	17.63	11.00	47.70	42.22	47.53	36.57	1.82	24.07	25.60
7/8/2024 9:37:20 AM	6.45	10.07	0.00	1.47	0.00	0.00	0.00	1.11	17.98	78.42	8.54	10.26	3416	10068	0	44	0	0	0	0	13528	143.04	17.80	10.76	47.52	43.20	47.97	37.10	1.84	24.04	25.60
7/8/2024 9:37:23 AM	6.64	10.54	0.29	0.98	0.00	0.00	0.00	1.15	18.44	78.07	8.74	10.25	3521	10537	129	29	0	0	0	0	14216	142.40	17.53	10.71	48.65	44.15	48.10	37.44	1.86	23.99	25.60
7/8/2024 9:37:25 AM	6.21	10.90	0.41	0.69	0.00	0.00	0.00	1.18	18.20	78.02	8.91	10.15	3291	10900	184	21	0	0	0	0	14395	142.30	17.02	10.52	49.04	43.50	48.09	35.72	1.87	23.94	25.55
7/8/2024 9:37:28 AM	6.57	11.04	0.00	0.84	0.00	0.00	0.00	1.21	18.44	77.66	9.15	10.11	3482	11037	0	25	0	0	0	0	14544	141.64	16.90	10.64	49.73	44.15	49.09	36.05	1.90	23.89	25.57
7/8/2024 9:37:31 AM	6.08	10.88	0.00	0.88	0.00	0.00	0.00	1.26	17.83	77.45	9.36	10.15	3221	10879	0	26	0	0	0	0	14125	141.27	16.66	10.20	48.62	43.61	48.67	34.87	1.92	23.83	25.52
7/8/2024 9:37:34 AM	6.35	11.60	0.17	0.46	0.00	0.00	0.00	1.27	18.57	77.25	9.53	10.03	3366	11597	76	14	0	0	0	0	15052	140.90	16.58	10.43	50.89	44.41	49.64	35.11	1.93	23.77	25.47
7/8/2024 9:37:36 AM	6.44	12.07	0.50	0.00	0.00	0.00	0.00	1.28	19.01	77.04	9.68	10.01	3414	12071	224	0	0	0	0	0	15708	140.53	16.35	10.37	52.13	44.92	49.76	35.19	1.95	23.72	25.44
7/8/2024 9:37:39 AM	6.12	12.19	0.60	0.00	0.00	0.00	0.00	1.29	18.91	76.88	9.81	9.97	3244	12193	269	0	0	0	0	0	15706	140.23	16.47	10.46	52.25	44.59	50.18	34.61	1.96	23.68	25.45
7/8/2024 9:37:42 AM	6.56	12.63	0.18	0.16	0.00	0.00	0.00	1.36	19.53	76.65	9.95	9.91	3479	12628	79	5	0	0	0	0	16192	139.80	16.74	10.72	54.13	46.38	52.29	35.62	1.97	23.65	25.42
