Date/Time	Green Algae	Bluegreen	Diatoms	Cryptophyta	#5	#6	#7	Yellow substances	Total conc.	Transmission	Depth	Temp. Sample	Green Algae	Bluegreen	Diatoms	Cryptophyta	#5	#6	#7	Yellow substances	Total cell count	Trans. 700 nm	LED 3 [525 nm]	LED 4 [570 nm]	LED 5 [610 nm]	LED 6 [370 nm]	LED 7 [590 nm]	LED 8 [470 nm]	Pressure	Temp. LEDs	Temp. Sensor
date	µg/l	µg/l	µg/l	µg/l	µg/l	µg/l	µg/l	r.u.	µg/l	%	m	°C	cells/ml	cells/ml	cells/ml	cells/ml	cells/ml	cells/ml	cells/ml	r.u.	cells/ml	digits	digits	digits	digits	digits	digits	digits	bar	°C	°C
7/15/2024 9:19:05 AM	20.66	0.00	5.04	0.91	0.00	0.00	0.00	0.00	26.61	87.45	0.03	27.16	10951	0	2266	27	0	0	0	0	13245	159.50	25.21	5.79	24.75	62.71	28.97	92.93	1.00	24.84	24.54
7/15/2024 9:19:08 AM	22.23	0.00	3.52	1.07	0.00	0.00	0.00	0.00	26.82	87.73	0.04	27.29	11781	0	1585	32	0	0	0	0	13398	160.01	22.89	7.43	25.66	61.90	28.43	93.47	1.00	24.86	24.62
7/15/2024 9:19:10 AM	21.16	0.14	5.21	0.63	0.00	0.00	0.00	0.00	27.14	87.51	0.08	27.28	11215	139	2345	19	0	0	0	0	13718	159.62	25.04	5.53	26.91	62.84	28.14	94.61	1.01	24.90	24.62
7/15/2024 9:19:13 AM	21.77	0.00	4.42	1.02	0.00	0.00	0.00	0.00	27.21	87.23	0.13	27.24	11541	0	1989	31	0	0	0	0	13560	159.10	24.74	5.59	25.57	63.59	29.65	94.81	1.01	24.92	24.55
7/15/2024 9:19:16 AM	21.26	0.00	4.61	1.27	0.00	0.00	0.00	0.00	27.14	87.76	0.17	27.37	11266	0	2072	38	0	0	0	0	13377	160.06	25.59	7.14	27.10	63.46	29.24	94.73	1.02	24.94	24.59
7/15/2024 9:19:18 AM	20.59	0.00	5.32	1.12	0.00	0.00	0.00	0.00	27.03	86.17	0.21	27.43	10915	0	2395	34	0	0	0	0	13343	157.17	26.20	7.28	25.42	63.46	29.57	94.91	1.02	25.03	24.63
7/15/2024 9:19:22 AM	21.82	0.00	3.93	1.66	0.00	0.00	0.00	0.00	27.42	87.20	0.26	27.47	11566	0	1770	50	0	0	0	0	13386	159.05	25.62	7.30	26.81	64.38	31.05	95.31	1.03	25.04	24.68
7/15/2024 9:19:24 AM	21.66	0.00	4.59	1.13	0.00	0.00	0.00	0.00	27.39	86.75	0.31	27.49	11482	0	2065	34	0	0	0	0	13581	158.23	25.10	6.43	25.90	63.20	30.00	96.21	1.03	25.07	24.65
7/15/2024 9:19:27 AM	20.86	0.00	5.57	1.04	0.00	0.00	0.00	0.00	27.48	86.88	0.32	27.46	11057	0	2507	31	0	0	0	0	13596	158.47	26.49	7.94	25.45	64.13	29.74	96.89	1.03	25.12	24.71
7/15/2024 9:19:30 AM	22.08	0.00	4.61	1.12	0.00	0.00	0.00	0.00	27.81	87.17	0.36	27.38	11705	0	2074	33	0	0	0	0	13812	158.98	25.81	5.53	26.60	65.60	30.28	96.49	1.04	25.16	24.68
7/15/2024 9:19:32 AM	20.73	0.00	5.58	1.17	0.00	0.00	0.00	0.00	27.49	87.38	0.41	27.50	10989	0	2513	35	0	0	0	0	13537	159.37	26.89	5.91	27.17	63.17	30.13	97.38	1.04	25.21	24.75
7/15/2024 9:19:35 AM	20.76	0.00	6.39	0.67	0.00	0.00	0.00	0.00	27.82	87.38	0.45	27.53	11003	0	2873	20	0	0	0	0	13897	159.37	27.13	6.32	25.92	64.44	29.32	98.64	1.04	25.21	24.73
7/15/2024 9:19:38 AM	21.40	0.00	5.22	0.97	0.00	0.00	0.00	0.00	27.59	88.04	0.49	27.46	11343	0	2348	29	0	0	0	0	13721	160.58	26.08	5.62	26.44	64.21	29.77	96.81	1.05	25.26	24.79
7/15/2024 9:19:41 AM	21.06	0.00	5.63	1.05	0.00	0.00	0.00	0.00	27.75	87.55	0.52	27.52	11164	0	2534	32	0	0	0	0	13730	159.69	26.71	6.40	26.91	63.63	30.00	98.40	1.05	25.31	24.79
7/15/2024 9:19:44 AM	23.49	0.00	4.17	1.48	0.00	0.00	0.00	0.00	29.13	87.55	0.52	27.54	12448	0	1874	44	0	0	0	0	14367	159.69	26.25	6.71	28.54	67.07	32.02	101.90	1.05	25.35	24.81
7/15/2024 9:19:46 AM	23.35	0.00	4.99	1.07	0.00	0.00	0.00	0.00	29.41	86.74	0.54	27.86	12373	0	2248	32	0	0	0	0	14653	158.21	26.50	6.89	28.57	66.86	31.03	103.88	1.05	25.37	24.86
7/15/2024 9:19:49 AM	22.79	0.00	4.72	1.06	0.00	0.00	0.00	0.00	28.57	87.64	0.55	27.80	12078	0	2126	32	0	0	0	0	14236	159.85	25.24	8.29	27.61	64.27	29.87	101.43	1.05	25.40	24.92
7/15/2024 9:19:52 AM	21.61	0.00	6.25	1.25	0.00	0.00	0.00	0.00	29.11	87.17	0.58	27.71	11455	0	2812	37	0	0	0	0	14304	158.99	28.92	7.34	28.93	66.93	31.31	103.38	1.06	25.43	24.86
7/15/2024 9:19:55 AM	23.26	0.00	4.66	1.22	0.00	0.00	0.00	0.00	29.14	87.36	0.61	27.72	12328	0	2095	37	0	0	0	0	14460	159.35	26.26	6.30	28.41	66.33	31.47	102.70	1.06	25.46	24.94
7/15/2024 9:19:57 AM	22.43	0.00	5.42	1.14	0.00	0.00	0.00	0.00	28.99	86.71	0.65	27.56	11885	0	2440	34	0	0	0	0	14360	158.15	27.19	7.94	28.20	66.67	30.63	102.33	1.06	25.51	24.92
7/15/2024 9:20:00 AM	23.32	0.00	5.08	1.04	0.00	0.00	0.00	0.00	29.43	87.07	0.66	27.56	12360	0	2284	31	0	0	0	0	14675	158.81	26.65	6.67	28.13	67.37	31.21	103.69	1.06	25.56	24.95
7/15/2024 9:20:03 AM	22.84	0.00	6.04	0.73	0.00	0.00	0.00	0.00	29.62	87.56	0.66	27.57	12107	0	2718	22	0	0	0	0	14847	159.71	27.33	7.42	27.98	67.29	30.43	105.32	1.06	25.55	24.95
7/15/2024 9:20:05 AM	22.58	0.00	6.22	1.02	0.00	0.00	0.00	0.00	29.82	87.36	0.70	27.36	11970	0	2797	31	0	0	0	0	14797	159.35	28.56	6.99	27.75	68.32	32.16	105.99	1.07	25.61	24.97
7/15/2024 9:20:08 AM	21.94	0.00	5.96	1.00	0.00	0.00	0.00	0.00	28.90	86.71	0.75	27.29	11627	0	2683	30	0	0	0	0	14340	158.15	27.64	5.85	27.87	65.64	31.17	102.92	1.07	25.65	24.99
7/15/2024 9:20:10 AM	22.83	0.00	5.48	1.20	0.00	0.00	0.00	0.00	29.51	87.39	0.77	27.52	12101	0	2464	36	0	0	0	0	14601	159.38	27.51	7.59	27.96	67.13	31.95	104.80	1.08	25.66	25.03
7/15/2024 9:20:13 AM	22.78	0.00	5.54	1.32	0.00	0.00	0.00	0.00	29.64	86.99	0.81	27.61	12074	0	2495	39	0	0	0	0	14608	158.66	28.10	7.67	29.20	67.69	31.85	105.03	1.08	25.73	25.08
7/15/2024 9:20:16 AM	22.61	0.00	5.97	0.96	0.00	0.00	0.00	0.00	29.53	87.03	0.87	27.38	11981	0	2688	29	0	0	0	0	14697	158.73	27.79	7.04	27.85	67.32	31.39	104.98	1.09	25.71	25.12
7/15/2024 9:20:19 AM	22.77	0.00	5.73	1.02	0.00	0.00	0.00	0.00	29.51	87.75	0.88	27.61	12068	0	2576	31	0	0	0	0	14675	160.05	27.50	7.65	28.95	66.98	30.73	104.86	1.09	25.75	25.12
7/15/2024 9:20:21 AM	21.52	0.00	6.86	0.78	0.00	0.00	0.00	0.00	29.15	86.61	0.91	27.62	11404	0	3086	23	0	0	0	0	14513	157.97	28.37	6.42	27.59	65.46	30.94	104.98	1.09	25.81	25.08
7/15/2024 9:20:24 AM	23.29	0.00	4.93	1.20	0.00	0.00	0.00	0.00	29.42	87.04	0.91	27.61	12345	0	2218	36	0	0	0	0	14599	158.76	26.92	7.95	28.68	68.10	30.99	103.11	1.09	25.81	25.10
7/15/2024 9:20:27 AM	22.91	0.00	5.27	1.24	0.00	0.00	0.00	0.00	29.42	87.20	0.93	27.61	12142	0	2373	37	0	0	0	0	14552	159.04	27.29	7.89	28.91	66.98	31.26	104.18	1.09	25.86	25.13
7/15/2024 9:20:30 AM	22.29	0.00	6.38	0.59	0.00	0.00	0.00	0.00	29.26	86.72	0.96	27.56	11815	0	2870	18	0	0	0	0	14702	158.17	27.43	5.88	27.54	66.31	30.32	104.36	1.09	25.89	25.16
7/15/2024 9:20:32 AM	21.81	0.00	5.92	1.00	0.00	0.00	0.00	0.00	28.73	87.22	0.98	27.58	11558	0	2665	30	0	0	0	0	14253	159.08	27.40	7.21	27.47	65.53	30.63	102.22	1.10	25.91	25.21
7/15/2024 9:20:35 AM	22.18	0.00	6.29	0.60	0.00	0.00	0.00	0.00	29.08	87.08	1.00	27.56	11758	0	2833	18	0	0	0	0	14609	158.82	27.12	6.56	27.22	65.80	30.04	103.84	1.10	25.93	25.23
7/15/2024 9:20:38 AM	22.07	0.00	6.14	0.89	0.00	0.00	0.00	0.00	29.09	87.39	1.05	27.53	11695	0	2761	27	0	0	0	0	14483	159.39	27.56	6.53	27.37	65.80	31.10	103.96	1.10	25.96	25.26
7/15/2024 9:20:40 AM	23.04	0.00	5.26	1.07	0.00	0.00	0.00	0.00	29.37	86.86	1.10	27.53	12212	0	2365	32	0	0	0	0	14610	158.43	26.76	7.06	27.78	66.58	31.48	104.20	1.11	26.01	25.29
7/15/2024 9:20:43 AM	21.79	0.00	6.22	0.86	0.00	0.00	0.00	0.00	28.87	87.28	1.11	27.63	11549	0	2801	26	0	0	0	0	14375	159.20	27.70	7.10	27.71	66.12	30.21	102.61	1.11	26.02	25.26
7/15/2024 9:20:46 AM	22.88	0.00	5.17	0.98	0.00	0.00	0.00	0.00	29.03	87.33	1.12	27.62	12124	0	2327	29	0	0	0	0	14481	159.29	26.33	6.60	28.45	65.75	30.41	102.80	1.11	26.07	25.26
7/15/2024 9:20:49 AM	22.73	0.00	4.86	1.24	0.00	0.00	0.00	0.00	28.83	87.40	1.17	27.54	12045	0	2189	37	0	0	0	0	14271	159.42	26.48	7.77	28.32	66.22	30.66	101.47	1.11	26.10	25.32
7/15/2024 9:20:51 AM	22.00	0.00	5.64	0.86	0.00	0.00	0.00	0.00	28.50	86.92	1.22	27.52	11660	0	2540	26	0	0	0	0	14225	158.53	26.48	7.18	27.08	65.00	29.87	101.15	1.12	26.11	25.39
7/15/2024 9:20:54 AM	22.50	0.00	5.63	1.07	0.00	0.00	0.00	0.00	29.20	87.11	1.25	27.57	11928	0	2532	32	0	0	0	0	14492	158.88	27.13	7.50	28.10	65.75	31.08	104.23	1.12	26.15	25.42
7/15/2024 9:20:57 AM	21.42	0.00	6.43	0.62	0.00	0.00	0.00	0.00	28.47	87.02	1.31	27.53	11351	0	2895	18	0	0	0	0	14264	158.72	27.02	7.43	27.04	64.58	29.09	101.76	1.13	26.18	25.42
7/15/2024 9:21:00 AM	24.38	0.00	3.95	1.32	0.00	0.00	0.00	0.00	29.65	87.36	1.37	27.45	12920	0	1778	40	0	0	0	0	14738	159.35	25.47	7.36	29.11	67.08	31.57	104.22	1.13	26.21	25.42
7/15/2024 9:21:02 AM	23.22	0.00	5.18	0.96	0.00	0.00	0.00	0.00	29.36	86.79	1.43	27.38	12308	0	2329	29	0	0	0	0	14666	158.29	26.23	6.52	27.82	65.88	31.19	104.45	1.14	26.21	25.44
7/15/2024 9:21:05 AM	26.80	0.00	4.20	1.26	0.00	0.00	0.00	0.00	32.27	86.89	1.45	27.33	14206	0	1890	38	0	0	0	0	16134	158.48	26.83	7.63	31.07	71.97	33.82	113.99	1.14	26.25	25.44
7/15/2024 9:21:08 AM	26.66	0.00	5.21	0.96	0.00	0.00	0.00	0.00	32.82	86.70	1.45	27.13	14129	0	2343	29	0	0	0	0	16500	158.13	27.90	8.18	31.43	73.12	33.26	116.55	1.14	26.29	25.48
7/15/2024 9:21:11 AM	26.22	0.00	4.92	1.06	0.00	0.00	0.00	0.00	32.21	86.88	1.51	26.78	13899	0	2216	32	0	0	0	0	16147	158.46	27.35	7.11	30.57	71.34	33.68	114.62	1.15	26.31	25.52
7/15/2024 9:21:13 AM	27.61	0.00	3.94	1.63	0.00	0.00	0.00	0.00	33.18	86.75	1.56	26.59	14633	0	1774	49	0	0	0	0	16456	158.22	27.92	7.79	32.50	74.37	35.56	116.80	1.15	26.32	25.55
7/15/2024 9:21:16 AM	27.71	0.00	4.19	1.42	0.00	0.00	0.00	0.00	33.32	86.33	1.60	26.52	14688	0	1884	43	0	0	0	0	16615	157.47	27.79	7.57	31.59	74.58	35.56	117.51	1.16	26.36	25.52
7/15/2024 9:21:19 AM	30.73	0.00	3.59	1.70	0.00	0.00	0.00	0.00	36.03	86.35	1.64	26.32	16287	0	1617	51	0	0	0	0	17955	157.49	28.99	8.59	35.11	80.66	37.77	126.24	1.16	26.37	25.58
7/15/2024 9:21:21 AM	30.09	0.00	3.54	1.72	0.00	0.00	0.00	0.00	35.35	86.11	1.68	26.03	15947	0	1592	52	0	0	0	0	17591	157.05	28.70	8.16	34.49	79.47	37.39	123.66	1.16	26.44	25.60
7/15/2024 9:21:25 AM	30.80	0.00	4.42	1.73	0.00	0.00	0.00	0.00	36.95	86.30	1.68	25.97	16322	0	1990	52	0	0	0	0	18364	157.41	30.60	9.09	35.19	82.13	39.24	130.61	1.17	26.42	25.58
7/15/2024 9:21:27 AM	32.65	0.00	3.33	2.06	0.00	0.00	0.00	0.00	38.04	86.17	1.70	25.96	17306	0	1498	62	0	0	0	0	18866	157.16	30.58	8.73	37.14	85.44	40.59	132.84	1.17	26.45	25.61
7/15/2024 9:21:30 AM	31.99	0.00	4.58	1.88	0.00	0.00	0.00	0.00	38.45	85.86	1.74	25.53	16957	0	2059	57	0	0	0	0	19072	156.61	32.19	9.41	37.16	86.09	40.64	135.40	1.17	26.47	25.65
7/15/2024 9:21:33 AM	33.66	0.00	3.58	2.18	0.00	0.00	0.00	0.00	39.42	85.99	1.76	25.17	17839	0	1611	65	0	0	0	0	19516	156.84	32.00	9.90	38.27	88.96	41.92	137.56	1.17	26.52	25.68
7/15/2024 9:21:35 AM	33.78	0.00	3.47	2.39	0.00	0.00	0.00	0.00	39.64	86.09	1.81	25.33	17902	0	1561	72	0	0	0	0	19534	157.02	32.23	10.57	38.89	88.76	42.50	138.81	1.18	26.54	25.71
7/15/2024 9:21:38 AM	33.49	0.00	4.16	2.11	0.00	0.00	0.00	0.00	39.76	85.70	1.89	24.90	17748	0	1873	63	0	0	0	0	19684	156.30	32.74	10.22	37.65	89.43	42.52	139.45	1.18	26.56	25.73
7/15/2024 9:21:41 AM	33.46	0.00	4.06	2.18	0.00	0.00	0.00	0.00	39.70	85.40	1.94	24.82	17731	0	1829	65	0	0	0	0	19626	155.76	32.89	10.22	38.88	89.50	42.00	138.92	1.19	26.57	25.71
7/15/2024 9:21:44 AM	33.63	0.00	3.86	2.11	0.00	0.00	0.00	0.00	39.60	85.56	1.97	24.96	17825	0	1738	63	0	0	0	0	19626	156.06	32.39	9.30	37.53	89.54	42.55	138.28	1.19	26.60	25.77
7/15/2024 9:21:46 AM	33.67	0.00	3.37	2.39	0.00	0.00	0.00	0.00	39.42	85.29	2.02	25.25	17844	0	1515	72	0	0	0	0	19430	155.56	32.10	10.34	38.68	88.80	42.31	137.62	1.20	26.59	25.74
7/15/2024 9:21:49 AM	34.28	0.00	2.43	2.64	0.00	0.00	0.00	0.00	39.34	85.81	2.06	25.25	18168	0	1092	79	0	0	0	0	19339	156.51	31.38	9.84	39.50	88.97	42.58	136.36	1.20	26.63	25.81
7/15/2024 9:21:52 AM	33.51	0.00	2.50	2.60	0.00	0.00	0.00	0.00	38.60	85.53	2.12	24.46	17759	0	1124	78	0	0	0	0	18962	156.01	30.73	9.88	38.04	86.57	42.34	134.56	1.21	26.65	25.84
7/15/2024 9:21:55 AM	33.41	0.00	2.77	2.33	0.00	0.00	0.00	0.00	38.50	85.70	2.13	24.32	17708	0	1244	70	0	0	0	0	19022	156.31	30.64	9.31	38.01	86.80	41.38	133.87	1.21	26.67	25.84
7/15/2024 9:21:57 AM	33.85	0.00	2.60	2.50	0.00	0.00	0.00	0.00	38.96	85.76	2.14	24.65	17942	0	1170	75	0	0	0	0	19187	156.42	30.87	9.92	38.27	87.44	42.31	135.72	1.21	26.67	25.85
7/15/2024 9:22:00 AM	34.08	0.00	1.86	2.54	0.00	0.00	0.00	0.00	38.47	86.08	2.14	23.92	18062	0	837	76	0	0	0	0	18974	157.01	29.71	9.61	37.87	86.97	41.83	133.05	1.21	26.70	25.93
7/15/2024 9:22:03 AM	32.38	0.00	1.17	2.58	0.00	0.00	0.00	0.00	36.14	86.09	2.16	23.71	17163	0	529	77	0	0	0	0	17769	157.02	27.60	8.98	36.36	81.81	39.72	124.49	1.21	26.73	25.90
7/15/2024 9:22:06 AM	30.25	0.00	0.00	2.81	0.00	0.00	0.00	0.00	33.06	85.86	2.25	23.54	16032	0	0	84	0	0	0	0	16116	156.60	25.08	8.87	33.92	74.69	37.18	113.47	1.22	26.71	25.90
7/15/2024 9:22:08 AM	26.41	0.00	0.76	2.17	0.00	0.00	0.00	0.00	29.34	86.52	2.28	22.20	13995	0	343	65	0	0	0	0	14403	157.81	22.48	7.71	29.43	67.03	33.17	100.70	1.22	26.74	25.95
7/15/2024 9:22:11 AM	27.21	0.00	0.00	2.58	0.00	0.00	0.00	0.00	29.78	85.92	2.27	21.87	14420	0	0	77	0	0	0	0	14497	156.71	22.90	7.32	30.54	67.95	34.36	101.81	1.22	26.74	25.93
7/15/2024 9:22:13 AM	27.50	0.00	0.00	2.75	0.00	0.00	0.00	0.00	30.25	85.82	2.28	22.22	14575	0	0	83	0	0	0	0	14658	156.53	23.14	8.18	31.86	69.12	35.02	103.32	1.22	26.72	25.90
7/15/2024 9:22:16 AM	27.85	0.00	0.00	2.54	0.00	0.00	0.00	0.00	30.40	86.06	2.31	22.72	14763	0	0	76	0	0	0	0	14839	156.97	23.15	7.59	31.23	69.69	34.60	103.58	1.23	26.78	25.97
7/15/2024 9:22:19 AM	26.84	0.00	0.00	2.68	0.00	0.00	0.00	0.00	29.53	86.29	2.32	22.89	14226	0	0	81	0	0	0	0	14307	157.40	22.97	8.40	30.79	67.49	33.93	100.93	1.23	26.74	26.00
7/15/2024 9:22:22 AM	26.64	0.00	0.59	2.49	0.00	0.00	0.00	0.00	29.73	85.80	2.32	22.54	14119	0	267	75	0	0	0	0	14460	156.49	23.20	7.33	31.18	67.39	34.14	102.24	1.23	26.74	25.98
7/15/2024 9:22:24 AM	25.72	0.00	0.00	2.61	0.00	0.00	0.00	0.00	28.33	86.14	2.34	22.30	13631	0	0	78	0	0	0	0	13710	157.12	21.85	7.57	30.15	64.67	33.03	96.83	1.23	26.76	26.00
7/15/2024 9:22:27 AM	22.10	0.00	0.00	2.35	0.00	0.00	0.00	0.00	24.45	86.33	2.43	21.73	11712	0	0	71	0	0	0	0	11783	157.46	19.68	7.04	25.20	56.71	29.36	83.25	1.24	26.77	26.06
7/15/2024 9:22:30 AM	20.35	0.00	0.00	2.32	0.00	0.00	0.00	0.00	22.67	85.84	2.52	20.95	10784	1	0	70	0	0	0	0	10855	156.56	18.24	6.68	24.85	52.40	27.57	77.22	1.25	26.80	26.10
7/15/2024 9:22:33 AM	17.48	0.00	0.41	2.23	0.00	0.00	0.00	0.00	20.12	86.59	2.57	21.11	9265	0	184	67	0	0	0	0	9516	157.94	17.45	6.32	21.74	47.19	25.72	68.65	1.25	26.77	26.08
7/15/2024 9:22:36 AM	14.14	0.01	0.00	2.34	0.00	0.00	0.00	0.00	16.49	85.77	2.71	20.70	7494	9	0	70	0	0	0	0	7573	156.44	15.19	5.62	19.06	39.51	23.05	55.66	1.27	26.77	26.08
7/15/2024 9:22:38 AM	10.72	0.12	0.00	2.64	0.00	0.00	0.00	0.09	13.48	86.06	2.80	19.64	5681	120	0	79	0	0	0	0	5880	156.96	14.27	6.10	17.13	33.80	21.92	46.02	1.27	26.80	26.13
7/15/2024 9:22:41 AM	9.14	0.08	0.00	2.87	0.00	0.00	0.00	0.10	12.09	85.85	2.81	19.18	4843	77	0	86	0	0	0	0	5006	156.58	14.34	5.86	16.36	30.79	21.20	41.78	1.28	26.79	26.19
7/15/2024 9:22:44 AM	9.86	0.37	0.00	2.71	0.00	0.00	0.00	0.10	12.95	85.94	2.82	19.55	5227	374	0	81	0	0	0	0	5682	156.75	14.48	6.01	17.72	32.28	22.12	43.59	1.28	26.81	26.24
7/15/2024 9:22:47 AM	9.61	0.37	0.00	2.76	0.00	0.00	0.00	0.13	12.74	85.69	2.82	20.18	5094	370	0	83	0	0	0	0	5547	156.29	14.64	6.17	17.79	32.16	21.87	43.13	1.28	26.77	26.16
7/15/2024 9:22:50 AM	9.88	0.42	0.00	2.83	0.00	0.00	0.00	0.11	13.12	85.50	2.83	20.14	5234	415	0	85	0	0	0	0	5734	155.94	14.77	6.38	18.09	32.77	22.79	44.18	1.28	26.78	26.26
7/15/2024 9:22:52 AM	9.54	0.21	0.00	2.94	0.00	0.00	0.00	0.13	12.69	85.76	2.84	20.08	5057	205	0	88	0	0	0	0	5351	156.42	14.98	6.32	17.51	32.32	21.97	43.56	1.28	26.77	26.22
7/15/2024 9:22:55 AM	9.49	0.37	0.00	2.85	0.00	0.00	0.00	0.08	12.70	85.75	2.85	20.19	5028	368	0	85	0	0	0	0	5481	156.40	14.54	6.33	17.67	31.46	22.30	42.75	1.28	26.77	26.22
7/15/2024 9:22:58 AM	8.87	0.63	0.00	3.23	0.00	0.00	0.00	0.14	12.72	85.41	2.85	20.35	4700	626	0	97	0	0	0	0	5423	155.78	15.56	6.86	18.85	32.01	24.25	42.67	1.28	26.77	26.22
7/15/2024 9:23:01 AM	8.41	1.22	0.00	3.49	0.00	0.00	0.00	0.17	13.13	84.88	2.87	20.51	4460	1223	0	105	0	0	0	0	5787	154.82	16.54	7.60	21.25	32.43	26.85	42.52	1.28	26.77	26.24
7/15/2024 9:23:03 AM	7.41	1.52	0.00	4.02	0.00	0.00	0.00	0.19	12.94	84.68	2.94	19.78	3927	1520	0	120	0	0	0	0	5567	154.45	17.68	8.44	22.58	31.96	29.08	41.48	1.29	26.74	26.24
7/15/2024 9:23:06 AM	6.96	1.07	0.00	4.28	0.00	0.00	0.00	0.20	12.31	84.79	3.01	18.47	3691	1065	0	128	0	0	0	0	4885	154.66	17.66	8.68	20.96	31.39	28.41	41.03	1.30	26.73	26.26
7/15/2024 9:23:08 AM	7.10	2.14	0.00	4.51	0.00	0.00	0.00	0.15	13.75	84.35	3.10	18.37	3762	2144	0	135	0	0	0	0	6042	153.85	19.32	9.52	25.72	32.42	32.66	42.25	1.30	26.75	26.27
7/15/2024 9:23:11 AM	7.29	2.47	0.00	4.97	0.00	0.00	0.00	0.12	14.73	83.95	3.15	18.54	3861	2473	0	149	0	0	0	0	6483	153.12	21.00	10.51	28.24	33.82	35.35	44.48	1.31	26.74	26.26
7/15/2024 9:23:14 AM	10.69	23.64	15.14	3.92	0.00	0.00	0.00	0.00	53.40	82.27	3.16	18.97	5668	23644	6812	118	0	0	0	0	36241	150.05	65.77	36.43	122.99	89.99	115.85	119.07	1.31	26.71	26.29
7/15/2024 9:23:17 AM	10.39	16.35	6.23	11.01	0.00	0.00	0.00	0.00	43.98	82.40	3.20	18.86	5508	16352	2805	330	0	0	0	0	24996	150.29	62.92	33.79	102.57	79.58	110.19	106.83	1.31	26.69	26.26
7/15/2024 9:23:20 AM	16.15	25.66	4.05	30.19	0.00	0.00	0.00	0.00	76.05	82.02	3.27	18.22	8561	25664	1823	906	0	0	0	0	36953	149.60	124.25	67.17	183.65	141.94	212.62	193.46	1.32	26.69	26.32
7/15/2024 9:23:22 AM	21.63	40.92	2.46	36.52	0.00	0.00	0.00	0.00	101.53	78.23	3.31	17.55	11463	40916	1109	1096	0	0	0	0	54583	142.68	153.44	83.21	255.17	179.85	291.26	232.84	1.32	26.68	26.34
7/15/2024 9:23:25 AM	23.17	39.77	0.10	39.10	0.00	0.00	0.00	0.00	102.14	77.52	3.36	17.09	12282	39772	44	1173	0	0	0	0	53272	141.40	156.28	82.31	254.95	183.15	297.28	237.91	1.33	26.68	26.37
7/15/2024 9:23:28 AM	16.86	38.50	0.00	27.78	0.00	0.00	0.00	0.59	83.15	79.37	3.43	17.22	8936	38503	0	834	0	0	0	0	48273	144.77	118.58	65.87	217.41	149.01	249.02	176.13	1.34	26.65	26.34
7/15/2024 9:23:30 AM	15.94	39.92	1.58	22.47	0.00	0.00	0.00	0.71	79.91	80.51	3.49	16.99	8446	39925	712	674	0	0	0	0	49757	146.86	107.99	64.74	214.25	140.51	231.04	160.16	1.34	26.62	26.32
7/15/2024 9:23:33 AM	10.62	35.48	0.53	11.68	0.00	0.00	0.00	0.56	58.32	83.11	3.50	16.22	5630	35484	241	350	0	0	0	0	41705	151.59	67.70	43.39	166.97	93.04	173.17	94.88	1.34	26.60	26.34
7/15/2024 9:23:36 AM	10.97	35.50	1.79	14.74	0.00	0.00	0.00	0.48	63.00	83.06	3.51	17.05	5815	35503	804	442	0	0	0	0	42564	151.49	79.54	47.10	175.19	103.45	186.28	112.26	1.34	26.59	26.37
7/15/2024 9:23:38 AM	14.17	34.93	0.00	15.25	0.00	0.00	0.00	0.44	64.34	82.02	3.52	17.84	7509	34926	0	457	0	0	0	0	42892	149.59	77.25	46.82	173.64	106.83	188.98	117.22	1.34	26.59	26.38
7/15/2024 9:23:41 AM	8.94	33.12	5.69	4.29	0.00	0.00	0.00	0.26	52.04	83.35	3.57	17.33	4738	33116	2561	129	0	0	0	0	40543	152.02	53.70	34.26	145.07	77.64	141.57	78.95	1.35	26.52	26.35
7/15/2024 9:23:44 AM	7.75	23.76	0.51	5.82	0.00	0.00	0.00	0.41	37.84	85.04	3.64	16.52	4110	23762	229	175	0	0	0	0	28275	155.11	40.46	25.85	108.24	59.98	110.90	58.81	1.36	26.51	26.38
7/15/2024 9:23:47 AM	7.99	23.84	0.00	6.15	0.00	0.00	0.00	0.29	37.98	85.07	3.72	16.13	4233	23841	0	184	0	0	0	0	28259	155.16	40.15	26.97	109.16	58.55	111.60	58.03	1.36	26.51	26.35
7/15/2024 9:23:49 AM	8.35	27.28	1.59	4.52	0.00	0.00	0.00	0.18	41.74	85.20	3.77	16.44	4428	27279	714	136	0	0	0	0	32557	155.39	41.07	28.67	120.00	60.68	118.42	59.44	1.37	26.47	26.38
7/15/2024 9:23:52 AM	8.26	23.35	0.00	5.41	0.00	0.00	0.00	0.27	37.03	85.74	3.80	16.39	4379	23353	0	162	0	0	0	0	27894	156.38	37.45	25.11	105.34	56.65	108.27	55.82	1.37	26.45	26.34
7/15/2024 9:23:55 AM	7.18	21.49	0.83	3.66	0.00	0.00	0.00	0.30	33.16	85.75	3.83	15.79	3804	21494	372	110	0	0	0	0	25780	156.40	32.57	22.39	95.20	50.64	94.70	48.53	1.38	26.41	26.38
7/15/2024 9:23:58 AM	7.60	20.73	0.00	3.90	0.00	0.00	0.00	0.24	32.23	85.79	3.86	15.98	4028	20730	0	117	0	0	0	0	24875	156.48	30.82	21.60	92.09	48.71	93.06	46.92	1.38	26.38	26.38
7/15/2024 9:24:01 AM	7.84	20.39	0.45	3.49	0.00	0.00	0.00	0.31	32.17	85.51	3.92	16.06	4155	20395	202	105	0	0	0	0	24856	155.97	30.89	21.04	90.92	50.04	90.71	48.30	1.38	26.36	26.35
7/15/2024 9:24:03 AM	7.77	18.34	0.21	3.24	0.00	0.00	0.00	0.39	29.55	85.58	3.93	15.46	4117	18336	94	97	0	0	0	0	22644	156.10	28.41	18.86	82.54	48.13	82.89	46.22	1.38	26.33	26.35
7/15/2024 9:24:06 AM	8.17	17.66	0.00	3.32	0.00	0.00	0.00	0.41	29.16	86.16	3.94	15.50	4331	17661	0	100	0	0	0	0	22092	157.16	27.92	18.44	80.30	48.54	81.22	47.03	1.39	26.29	26.38
7/15/2024 9:24:09 AM	8.51	19.00	0.34	3.13	0.00	0.00	0.00	0.38	30.97	85.92	3.94	15.69	4508	18995	155	94	0	0	0	0	23752	156.71	29.17	19.63	85.51	50.28	85.21	48.82	1.39	26.27	26.34
7/15/2024 9:24:12 AM	7.53	22.18	3.86	0.08	0.00	0.00	0.00	0.30	33.65	85.81	3.96	15.69	3990	22180	1735	2	0	0	0	0	27907	156.51	29.14	20.11	92.93	50.94	86.81	48.33	1.39	26.23	26.40
7/15/2024 9:24:14 AM	8.39	18.85	0.03	3.25	0.00	0.00	0.00	0.39	30.53	85.15	3.96	15.64	4449	18851	13	98	0	0	0	0	23411	155.31	28.75	19.45	84.86	49.66	84.87	47.77	1.39	26.19	26.37
7/15/2024 9:24:17 AM	7.56	17.81	0.00	3.67	0.00	0.00	0.00	0.48	29.03	85.56	3.97	15.59	4006	17808	0	110	0	0	0	0	21924	156.06	28.19	18.64	80.23	49.08	83.66	46.90	1.39	26.16	26.35
7/15/2024 9:24:20 AM	8.13	19.90	2.00	1.76	0.00	0.00	0.00	0.35	31.79	85.86	3.98	15.56	4311	19897	899	53	0	0	0	0	25160	156.61	28.99	19.83	87.17	50.61	84.12	49.04	1.39	26.15	26.32
7/15/2024 9:24:23 AM	9.45	18.07	1.01	2.60	0.00	0.00	0.00	0.75	31.13	85.50	3.98	15.63	5007	18073	457	78	0	0	0	0	23615	155.95	29.74	18.87	82.58	57.33	81.79	54.97	1.39	26.11	26.32
7/15/2024 9:24:25 AM	11.32	16.57	0.00	3.54	0.00	0.00	0.00	1.00	31.43	84.66	3.99	15.67	6000	16572	0	106	0	0	0	0	22678	154.41	30.78	18.63	79.75	63.66	81.20	61.99	1.39	26.07	26.37
7/15/2024 9:24:28 AM	12.26	15.97	0.00	4.01	0.00	0.00	0.00	0.87	32.23	84.64	3.99	15.71	6496	15966	0	120	0	0	0	0	22582	154.37	31.72	18.64	78.91	64.83	82.17	65.88	1.39	26.04	26.37
7/15/2024 9:24:31 AM	11.01	17.01	0.00	3.68	0.00	0.00	0.00	0.73	31.69	84.63	4.03	15.84	5836	17005	0	110	0	0	0	0	22952	154.37	30.78	19.32	81.45	59.91	82.49	59.74	1.39	26.01	26.34
7/15/2024 9:24:33 AM	10.95	15.59	0.00	3.67	0.00	0.00	0.00	0.86	30.20	84.62	4.13	15.52	5801	15585	0	110	0	0	0	0	21496	154.34	29.99	18.11	76.13	60.45	77.99	60.09	1.40	25.98	26.30
7/15/2024 9:24:36 AM	12.42	16.14	0.00	3.87	0.00	0.00	0.00	1.08	32.42	83.81	4.21	14.22	6581	16137	0	116	0	0	0	0	22834	152.87	32.17	19.20	79.91	67.87	81.85	67.35	1.41	25.94	26.29
7/15/2024 9:24:39 AM	12.58	17.27	0.56	3.30	0.00	0.00	0.00	1.03	33.72	83.87	4.25	13.43	6667	17271	252	99	0	0	0	0	24289	152.97	32.66	19.34	83.54	68.53	84.03	67.91	1.42	25.90	26.42
7/15/2024 9:24:42 AM	13.67	15.47	0.00	3.62	0.00	0.00	0.00	1.19	32.76	83.35	4.32	13.24	7245	15469	0	108	0	0	0	0	22823	152.03	31.92	18.46	77.99	71.20	79.80	71.11	1.42	25.86	26.34
7/15/2024 9:24:45 AM	14.13	16.15	0.46	3.40	0.00	0.00	0.00	1.37	34.14	83.02	4.39	13.53	7489	16152	207	102	0	0	0	0	23949	151.42	33.53	19.08	81.10	75.94	81.90	75.04	1.43	25.82	26.22
7/15/2024 9:24:47 AM	14.24	14.75	0.00	3.78	0.00	0.00	0.00	1.52	32.77	83.12	4.48	13.95	7546	14747	0	114	0	0	0	0	22406	151.60	33.02	18.49	76.51	76.97	78.48	75.76	1.44	25.77	26.27
7/15/2024 9:24:50 AM	16.65	17.20	2.14	1.82	0.00	0.00	0.00	1.68	37.81	81.74	4.57	13.98	8826	17198	963	55	0	0	0	0	27042	149.09	35.25	19.04	85.22	87.41	83.37	86.46	1.45	25.72	26.19
7/15/2024 9:24:53 AM	18.03	15.05	0.00	3.66	0.00	0.00	0.00	2.12	36.74	81.73	4.64	13.48	9557	15045	0	110	0	0	0	0	24712	149.07	36.29	18.71	80.58	94.18	82.72	92.04	1.46	25.67	26.22
7/15/2024 9:24:55 AM	19.32	15.57	0.45	3.21	0.00	0.00	0.00	2.34	38.55	80.38	4.71	13.33	10241	15569	202	96	0	0	0	0	26108	146.60	37.54	19.32	83.31	100.71	84.04	98.00	1.46	25.63	26.35
7/15/2024 9:24:58 AM	18.05	14.51	0.45	3.19	0.00	0.00	0.00	2.23	36.19	80.84	4.72	13.40	9567	14505	201	96	0	0	0	0	24369	147.45	35.80	18.55	78.38	95.24	79.22	92.69	1.46	25.60	26.29
7/15/2024 9:25:00 AM	19.03	13.80	0.00	3.38	0.00	0.00	0.00	2.43	36.20	80.08	4.75	14.08	10084	13795	0	101	0	0	0	0	23981	146.06	35.84	17.64	76.40	99.01	78.46	96.02	1.47	25.59	26.21
7/15/2024 9:25:03 AM	19.17	16.35	2.16	1.70	0.00	0.00	0.00	2.63	39.39	80.08	4.79	14.52	10162	16351	972	51	0	0	0	0	27537	146.06	37.77	19.69	84.71	105.53	82.32	100.78	1.47	25.52	26.27
7/15/2024 9:25:06 AM	18.93	15.19	1.65	1.88	0.00	0.00	0.00	2.43	37.65	80.52	4.87	14.13	10030	15187	743	56	0	0	0	0	26018	146.86	35.88	17.92	79.80	100.35	78.75	96.90	1.48	25.48	26.22
7/15/2024 9:25:09 AM	19.85	13.68	0.39	2.88	0.00	0.00	0.00	2.64	36.80	80.00	4.95	13.27	10521	13682	177	86	0	0	0	0	24466	145.92	36.09	17.46	76.16	103.53	77.20	99.81	1.49	25.44	26.27
7/15/2024 9:25:12 AM	19.50	13.96	0.94	2.32	0.00	0.00	0.00	2.63	36.72	80.33	5.04	12.97	10336	13964	422	70	0	0	0	0	24792	146.51	35.58	17.43	76.25	102.88	76.18	98.76	1.49	25.39	26.27
7/15/2024 9:25:14 AM	19.46	13.18	0.56	2.77	0.00	0.00	0.00	2.66	35.97	80.20	5.15	12.86	10314	13180	254	83	0	0	0	0	23831	146.28	35.60	17.16	74.00	102.63	74.89	98.81	1.50	25.35	26.16
7/15/2024 9:25:17 AM	18.73	12.54	0.17	2.96	0.00	0.00	0.00	2.67	34.39	80.69	5.23	12.51	9927	12536	77	89	0	0	0	0	22630	147.17	34.50	16.53	71.05	99.95	72.57	95.44	1.51	25.32	26.26
7/15/2024 9:25:20 AM	18.13	13.05	1.50	1.85	0.00	0.00	0.00	2.61	34.54	80.87	5.32	13.06	9610	13055	676	56	0	0	0	0	23395	147.50	33.98	16.17	71.25	98.78	70.90	94.30	1.52	25.25	26.11
7/15/2024 9:25:23 AM	17.83	12.61	0.84	1.92	0.00	0.00	0.00	2.51	33.20	80.86	5.41	13.64	9452	12609	378	58	0	0	0	0	22496	147.49	32.06	15.74	68.91	94.86	68.64	90.12	1.53	25.23	26.05
7/15/2024 9:25:26 AM	17.57	12.28	0.42	2.19	0.00	0.00	0.00	2.52	32.46	81.14	5.48	13.71	9313	12280	191	66	0	0	0	0	21849	147.99	31.61	15.56	67.68	93.66	67.96	88.58	1.54	25.14	26.11
7/15/2024 9:25:28 AM	16.75	12.96	1.04	1.77	0.00	0.00	0.00	2.50	32.52	81.19	5.55	13.22	8877	12961	468	53	0	0	0	0	22359	148.10	31.66	15.66	69.09	92.54	68.63	86.78	1.54	25.12	26.10
7/15/2024 9:25:31 AM	15.05	11.73	0.22	2.72	0.00	0.00	0.00	2.32	29.72	81.66	5.61	12.85	7977	11733	98	82	0	0	0	0	19890	148.94	30.54	15.17	64.43	85.25	65.85	79.95	1.55	25.12	26.06
7/15/2024 9:25:34 AM	14.78	12.82	0.98	1.57	0.00	0.00	0.00	2.29	30.15	81.58	5.67	12.62	7836	12817	439	47	0	0	0	0	21139	148.81	29.29	14.94	66.31	84.29	65.66	77.82	1.56	25.03	26.08
7/15/2024 9:25:36 AM	14.50	12.14	0.00	2.33	0.00	0.00	0.00	2.18	28.96	81.36	5.75	13.23	7685	12136	0	70	0	0	0	0	19891	148.40	28.57	14.59	64.19	80.86	65.16	74.90	1.56	24.99	26.03
7/15/2024 9:25:39 AM	14.36	12.21	0.04	2.32	0.00	0.00	0.00	2.18	28.92	81.77	5.83	12.31	7609	12208	16	70	0	0	0	0	19902	149.14	28.62	14.71	64.40	80.65	65.22	74.56	1.57	24.94	26.03
7/15/2024 9:25:42 AM	13.45	11.02	0.00	2.36	0.00	0.00	0.00	2.09	26.82	81.67	5.89	11.83	7128	11020	0	71	0	0	0	0	18218	148.95	26.99	13.66	59.13	76.27	60.83	70.64	1.58	24.89	26.13
7/15/2024 9:25:44 AM	13.77	12.34	0.24	2.16	0.00	0.00	0.00	2.09	28.51	81.33	5.91	11.70	7297	12338	107	65	0	0	0	0	19806	148.33	28.15	14.56	64.16	78.23	64.75	72.23	1.58	24.85	26.02
7/15/2024 9:25:48 AM	12.68	12.46	0.92	1.52	0.00	0.00	0.00	1.95	27.58	81.07	6.00	12.06	6720	12463	414	46	0	0	0	0	19643	147.87	26.88	14.44	63.02	74.04	62.24	68.02	1.59	24.83	25.90
7/15/2024 9:25:50 AM	11.23	10.18	0.00	1.93	0.00	0.00	0.00	1.73	23.34	81.56	6.11	11.93	5951	10181	0	58	0	0	0	0	16190	148.76	23.26	12.28	53.29	64.37	54.24	59.01	1.60	24.79	25.93
7/15/2024 9:25:53 AM	10.67	10.88	0.03	2.18	0.00	0.00	0.00	1.65	23.76	80.46	6.20	11.46	5657	10881	12	65	0	0	0	0	16615	146.75	24.08	13.20	56.03	63.19	56.86	57.86	1.61	24.69	25.87
7/15/2024 9:25:56 AM	10.12	11.55	0.59	1.53	0.00	0.00	0.00	1.66	23.78	80.36	6.32	11.26	5363	11553	265	46	0	0	0	0	17226	146.57	23.54	12.81	56.99	62.44	56.91	56.04	1.62	24.69	25.87
7/15/2024 9:25:58 AM	9.84	11.45	0.00	2.04	0.00	0.00	0.00	1.64	23.33	80.09	6.43	11.13	5216	11445	0	61	0	0	0	0	16722	146.07	23.55	12.93	56.90	61.21	57.75	54.58	1.63	24.61	26.06
7/15/2024 9:26:01 AM	9.11	10.76	0.06	1.84	0.00	0.00	0.00	1.57	21.77	79.62	6.55	11.15	4830	10756	27	55	0	0	0	0	15668	145.23	22.03	12.18	53.39	57.51	54.07	50.94	1.64	24.54	25.89
7/15/2024 9:26:04 AM	8.96	10.95	0.03	1.70	0.00	0.00	0.00	1.51	21.64	78.80	6.67	11.19	4750	10951	12	51	0	0	0	0	15764	143.72	21.45	12.22	53.64	56.03	53.95	49.39	1.65	24.50	25.84
7/15/2024 9:26:07 AM	8.48	11.49	0.63	1.03	0.00	0.00	0.00	1.43	21.63	78.54	6.78	11.06	4492	11489	286	31	0	0	0	0	16298	143.25	20.70	11.87	54.19	54.12	53.46	47.24	1.66	24.44	26.02
7/15/2024 9:26:09 AM	9.07	11.52	0.08	1.51	0.00	0.00	0.00	1.49	22.17	78.67	6.87	11.05	4805	11523	36	45	0	0	0	0	16409	143.49	21.42	12.18	55.32	56.20	55.41	49.24	1.67	24.39	25.74
7/15/2024 9:26:12 AM	7.80	11.09	0.39	1.10	0.00	0.00	0.00	1.44	20.37	78.44	6.95	10.99	4131	11091	174	33	0	0	0	0	15429	143.07	19.75	11.54	52.12	51.89	51.59	44.26	1.68	24.36	25.81
7/15/2024 9:26:15 AM	7.75	11.41	0.29	1.09	0.00	0.00	0.00	1.40	20.55	78.38	7.06	11.06	4109	11413	130	33	0	0	0	0	15685	142.96	19.63	11.65	53.10	51.25	52.51	43.50	1.69	24.28	25.77
7/15/2024 9:26:18 AM	7.39	10.95	0.36	0.76	0.00	0.00	0.00	1.38	19.46	78.08	7.18	10.85	3914	10953	163	23	0	0	0	0	15053	142.41	18.26	10.83	50.43	49.12	49.56	41.08	1.70	24.23	25.87
7/15/2024 9:26:21 AM	7.46	10.70	0.10	0.94	0.00	0.00	0.00	1.38	19.20	77.40	7.26	10.65	3955	10703	44	28	0	0	0	0	14730	141.17	18.09	10.72	49.72	48.83	49.21	40.87	1.71	24.19	25.71
7/15/2024 9:26:23 AM	7.47	11.62	1.05	0.14	0.00	0.00	0.00	1.40	20.28	77.34	7.40	10.38	3957	11618	474	4	0	0	0	0	16053	141.07	18.44	11.00	52.23	50.36	50.15	42.05	1.72	24.14	25.73
7/15/2024 9:26:26 AM	7.80	11.39	0.38	0.43	0.00	0.00	0.00	1.49	20.00	76.56	7.32	10.33	4135	11386	171	13	0	0	0	0	15706	139.64	18.11	10.44	51.53	51.22	50.43	42.14	1.72	24.15	25.68
7/15/2024 9:26:29 AM	7.43	11.54	0.28	0.23	0.00	0.00	0.00	1.51	19.48	76.52	7.62	10.38	3937	11543	128	7	0	0	0	0	15615	139.58	17.25	10.10	51.20	50.04	49.88	39.93	1.75	24.03	25.63
7/15/2024 9:26:32 AM	7.63	11.44	0.47	1.36	0.00	0.00	0.00	1.42	20.91	77.81	7.85	10.38	4046	11444	210	41	0	0	0	0	15740	141.92	20.79	12.72	54.14	52.44	53.35	45.04	1.77	23.98	25.63
7/15/2024 9:26:34 AM	7.83	11.56	0.78	0.46	0.00	0.00	0.00	1.41	20.63	77.12	7.87	10.56	4151	11555	351	14	0	0	0	0	16071	140.67	18.96	11.46	52.84	51.37	51.06	43.41	1.77	23.96	25.58
7/15/2024 9:26:37 AM	7.55	11.46	0.32	0.45	0.00	0.00	0.00	1.52	19.78	76.66	7.96	10.79	4004	11456	145	13	0	0	0	0	15618	139.82	18.01	10.37	51.54	50.95	50.53	41.35	1.78	23.88	25.57
7/15/2024 9:26:39 AM	8.06	11.27	0.00	1.09	0.00	0.00	0.00	1.52	20.42	77.10	8.02	10.34	4273	11274	0	33	0	0	0	0	15580	140.62	19.33	11.40	52.57	52.79	52.15	44.15	1.79	23.84	25.58
7/15/2024 9:26:42 AM	8.16	13.21	1.43	0.09	0.00	0.00	0.00	1.52	22.88	77.05	8.22	10.32	4325	13206	642	3	0	0	0	0	18176	140.53	20.79	12.68	58.98	55.74	56.06	46.85	1.81	23.84	25.57
7/15/2024 9:26:45 AM	7.98	12.32	0.42	0.16	0.00	0.00	0.00	1.64	20.87	75.99	8.11	10.32	4227	12316	191	5	0	0	0	0	16739	138.61	18.48	10.27	54.33	53.85	53.11	43.08	1.79	23.74	25.61
7/15/2024 9:26:48 AM	8.03	12.48	0.81	0.00	0.00	0.00	0.00	1.59	21.32	76.16	8.34	10.60	4254	12477	366	0	0	0	0	0	17097	138.91	18.86	10.96	55.32	54.03	52.95	43.91	1.82	23.68	25.39
7/15/2024 9:26:50 AM	7.98	11.84	0.00	0.76	0.00	0.00	0.00	1.58	20.57	76.33	8.46	10.82	4227	11835	0	23	0	0	0	0	16085	139.22	18.79	10.84	53.55	53.12	53.18	43.18	1.83	23.68	25.39
7/15/2024 9:26:53 AM	8.08	11.91	0.86	0.07	0.00	0.00	0.00	1.55	20.93	76.57	8.60	10.65	4284	11911	389	2	0	0	0	0	16587	139.67	18.69	11.06	53.50	53.51	51.32	44.18	1.84	23.59	25.39
7/15/2024 9:26:56 AM	8.02	12.00	0.66	0.43	0.00	0.00	0.00	1.51	21.12	76.53	8.68	10.67	4252	12003	298	13	0	0	0	0	16567	139.60	19.30	11.29	54.33	53.29	52.82	44.32	1.85	23.59	25.39
7/15/2024 9:26:59 AM	8.16	12.43	0.54	0.43	0.00	0.00	0.00	1.61	21.55	76.34	8.83	10.61	4322	12425	242	13	0	0	0	0	17002	139.24	19.60	11.52	55.86	54.94	54.30	45.02	1.87	23.48	25.32
7/15/2024 9:27:01 AM	8.20	12.45	0.86	0.71	0.00	0.00	0.00	1.50	22.23	77.01	9.12	10.25	4344	12454	389	21	0	0	0	0	17209	140.47	20.88	12.78	57.17	55.05	55.26	46.77	1.89	23.47	25.32
7/15/2024 9:27:04 AM	7.65	12.03	0.84	0.17	0.00	0.00	0.00	1.61	20.69	76.35	8.96	10.29	4056	12031	376	5	0	0	0	0	16468	139.27	18.92	10.94	53.70	53.50	51.93	43.44	1.88	23.42	25.24
7/15/2024 9:27:07 AM	8.22	12.40	1.03	0.40	0.00	0.00	0.00	1.54	22.06	76.69	9.23	10.32	4358	12403	464	12	0	0	0	0	17237	139.89	20.39	12.26	56.42	55.26	54.25	46.59	1.90	23.35	25.24
7/15/2024 9:27:09 AM	8.28	13.00	1.09	0.00	0.00	0.00	0.00	1.64	22.37	76.38	9.16	10.32	4391	12995	491	0	0	0	0	0	17877	139.31	20.02	12.14	57.88	56.53	54.89	46.39	1.90	23.33	25.42
7/15/2024 9:27:12 AM	8.35	12.37	0.27	0.51	0.00	0.00	0.00	1.65	21.51	75.96	9.38	10.35	4427	12369	123	15	0	0	0	0	16934	138.55	19.43	11.29	55.69	55.41	54.45	45.15	1.92	23.27	25.20
7/15/2024 9:27:15 AM	8.07	13.38	1.55	0.00	0.00	0.00	0.00	1.54	22.99	76.67	9.65	10.38	4275	13377	697	0	0	0	0	0	18349	139.85	20.91	12.77	59.53	56.11	56.27	46.91	1.95	23.21	25.20
7/15/2024 9:27:18 AM	8.22	12.49	0.76	0.13	0.00	0.00	0.00	1.67	21.60	75.95	9.55	10.72	4358	12492	342	4	0	0	0	0	17196	138.54	19.40	11.29	55.71	55.81	53.73	45.41	1.94	23.15	25.16
7/15/2024 9:27:20 AM	8.05	12.24	1.22	0.00	0.00	0.00	0.00	1.65	21.52	75.47	9.66	10.81	4267	12245	549	0	0	0	0	0	17061	137.66	19.70	11.09	54.89	55.75	52.63	45.98	1.95	23.12	25.08
7/15/2024 9:27:23 AM	9.15	12.34	1.38	0.00	0.00	0.00	0.00	1.72	22.87	76.30	9.81	10.43	4852	12336	620	0	0	0	0	0	17808	139.16	20.86	11.71	56.53	59.82	53.74	50.77	1.96	23.09	25.08
