Date/Time	Green Algae	Bluegreen	Diatoms	Cryptophyta	#5	#6	#7	Yellow substances	Total conc.	Transmission	Depth	Temp. Sample	Green Algae	Bluegreen	Diatoms	Cryptophyta	#5	#6	#7	Yellow substances	Total cell count	Trans. 700 nm	LED 3 [525 nm]	LED 4 [570 nm]	LED 5 [610 nm]	LED 6 [370 nm]	LED 7 [590 nm]	LED 8 [470 nm]	Pressure	Temp. LEDs	Temp. Sensor
date	µg/l	µg/l	µg/l	µg/l	µg/l	µg/l	µg/l	r.u.	µg/l	%	m	°C	cells/ml	cells/ml	cells/ml	cells/ml	cells/ml	cells/ml	cells/ml	r.u.	cells/ml	digits	digits	digits	digits	digits	digits	digits	bar	°C	°C
7/8/2024 12:36:13 PM	1.21	28.35	5.23	0.00	0.00	0.00	0.00	2.43	34.79	74.42	0.00	27.83	639	28353	2353	0	0	0	0	0	31344	135.74	37.31	23.25	112.16	73.89	104.83	49.11	1.00	23.18	22.40
7/8/2024 12:36:15 PM	4.96	27.97	4.06	0.00	0.00	0.00	0.00	2.08	36.99	74.62	0.07	27.79	2630	27968	1826	0	0	0	0	0	32425	136.10	36.25	20.58	114.22	74.65	103.90	54.15	1.01	23.18	22.32
7/8/2024 12:36:18 PM	4.67	28.20	3.30	0.00	0.00	0.00	0.00	2.26	36.16	74.96	0.13	28.03	2473	28203	1484	0	0	0	0	0	32159	136.73	35.35	16.72	113.71	74.77	104.96	51.44	1.01	23.24	22.38
7/8/2024 12:36:21 PM	9.32	28.92	2.55	0.00	0.00	0.00	0.00	1.57	40.79	76.39	0.16	28.22	4941	28917	1146	0	0	0	0	0	35004	139.34	34.63	23.66	118.91	74.83	109.13	59.17	1.02	23.29	22.38
7/8/2024 12:36:24 PM	3.62	28.53	7.27	0.00	0.00	0.00	0.00	1.62	39.42	75.23	0.17	28.02	1917	28534	3272	0	0	0	0	0	33723	137.22	41.82	21.00	117.14	73.54	108.64	59.53	1.02	23.28	22.40
7/8/2024 12:36:26 PM	6.49	28.44	3.34	0.23	0.00	0.00	0.00	1.90	38.50	75.96	0.19	27.29	3442	28439	1504	7	0	0	0	0	33392	138.55	35.82	21.78	114.18	74.86	109.64	56.15	1.02	23.35	22.43
7/8/2024 12:36:29 PM	6.63	28.87	3.61	0.00	0.00	0.00	0.00	1.84	39.11	76.43	0.20	27.47	3513	28872	1623	0	0	0	0	0	34008	139.42	36.03	21.38	115.73	74.86	110.50	56.49	1.02	23.38	22.46
7/8/2024 12:36:31 PM	5.19	28.40	5.26	0.00	0.00	0.00	0.00	1.74	38.84	77.61	0.19	27.53	2751	28397	2366	0	0	0	0	0	33514	141.56	38.61	19.52	116.03	73.78	107.78	57.44	1.02	23.41	22.53
7/8/2024 12:36:34 PM	4.45	28.94	4.69	0.00	0.00	0.00	0.00	1.88	38.07	74.91	0.21	27.28	2357	28937	2108	0	0	0	0	0	33403	136.64	37.43	21.65	116.81	73.07	108.25	53.89	1.02	23.43	22.53
7/8/2024 12:36:37 PM	19.49	42.72	7.40	0.00	0.00	0.00	0.00	0.00	69.61	73.30	0.21	27.20	10331	42718	3330	0	0	0	0	0	56379	133.70	59.07	31.20	201.13	100.20	146.71	104.75	1.02	23.48	22.54
7/8/2024 12:36:40 PM	9.95	30.96	3.15	5.69	0.00	0.00	0.00	1.13	49.75	75.52	0.20	27.29	5274	30962	1418	171	0	0	0	0	37824	137.74	53.90	25.62	136.34	87.34	142.97	83.00	1.02	23.50	22.53
7/8/2024 12:36:43 PM	4.48	32.60	5.75	0.00	0.00	0.00	0.00	1.98	42.82	76.35	0.22	27.10	2373	32599	2586	0	0	0	0	0	37559	139.26	42.14	27.50	130.89	80.19	121.41	59.90	1.02	23.53	22.54
7/8/2024 12:36:45 PM	6.93	34.25	4.85	0.00	0.00	0.00	0.00	1.56	46.03	73.96	0.25	26.84	3673	34253	2180	0	0	0	0	0	40107	134.91	42.22	24.51	138.03	79.32	128.32	61.83	1.02	23.57	22.51
7/8/2024 12:36:48 PM	5.59	35.15	7.18	0.00	0.00	0.00	0.00	1.83	47.92	73.83	0.28	26.89	2963	35146	3233	0	0	0	0	0	41342	134.67	47.31	29.13	141.94	86.43	132.71	68.93	1.03	23.60	22.61
7/8/2024 12:36:51 PM	6.46	34.25	4.46	0.00	0.00	0.00	0.00	1.82	45.17	74.64	0.29	27.07	3425	34249	2006	0	0	0	0	0	39680	136.15	41.83	24.24	138.87	80.81	126.09	60.47	1.03	23.64	22.56
7/8/2024 12:36:53 PM	4.75	34.82	7.01	0.00	0.00	0.00	0.00	1.69	46.57	74.68	0.32	26.95	2516	34816	3153	0	0	0	0	0	40485	136.22	46.23	26.71	140.79	81.75	129.93	64.31	1.03	23.66	22.67
7/8/2024 12:36:56 PM	6.96	37.06	5.54	0.00	0.00	0.00	0.00	1.90	49.56	74.36	0.33	26.99	3686	37058	2494	0	0	0	0	0	43238	135.64	46.55	26.30	150.20	88.11	137.41	67.72	1.03	23.69	22.69
7/8/2024 12:36:59 PM	4.72	36.74	6.79	0.00	0.00	0.00	0.00	1.84	48.26	74.37	0.35	26.90	2503	36740	3057	0	0	0	0	0	42300	135.65	47.40	28.09	147.64	84.90	136.18	64.94	1.03	23.71	22.66
7/8/2024 12:37:01 PM	5.46	37.56	6.36	0.00	0.00	0.00	0.00	1.82	49.38	74.62	0.36	26.84	2896	37556	2863	0	0	0	0	0	43315	136.10	47.52	26.38	149.87	85.89	140.46	65.70	1.04	23.76	22.67
7/8/2024 12:37:04 PM	6.80	38.50	4.62	0.00	0.00	0.00	0.00	1.67	49.92	73.92	0.38	26.74	3602	38499	2080	0	0	0	0	0	44181	134.83	44.80	26.88	152.67	83.37	142.84	62.30	1.04	23.82	22.70
7/8/2024 12:37:07 PM	6.05	39.41	4.00	0.00	0.00	0.00	0.00	1.83	49.46	73.82	0.39	26.72	3208	39411	1800	0	0	0	0	0	44419	134.66	44.16	27.38	156.19	83.16	143.28	58.73	1.04	23.84	22.75
7/8/2024 12:37:10 PM	5.33	39.86	5.10	0.00	0.00	0.00	0.00	1.86	50.30	74.18	0.40	26.67	2827	39859	2296	0	0	0	0	0	44982	135.31	46.32	28.24	156.84	84.88	146.82	61.10	1.04	23.85	22.74
7/8/2024 12:37:12 PM	6.72	39.89	4.08	0.00	0.00	0.00	0.00	1.75	50.69	73.77	0.41	26.66	3562	39891	1837	0	0	0	0	0	45290	134.55	45.03	26.54	159.08	84.17	145.07	60.76	1.04	23.89	22.79
7/8/2024 12:37:15 PM	5.43	40.51	4.08	0.00	0.00	0.00	0.00	1.97	50.03	74.06	0.42	26.68	2879	40509	1838	0	0	0	0	0	45226	135.09	45.05	26.88	158.49	84.76	148.26	58.32	1.04	23.94	22.87
7/8/2024 12:37:18 PM	5.85	41.30	3.37	0.00	0.00	0.00	0.00	1.79	50.52	74.02	0.44	26.61	3099	41301	1518	0	0	0	0	0	45918	135.01	43.87	28.01	161.62	82.09	149.57	55.75	1.04	23.98	22.82
7/8/2024 12:37:21 PM	6.07	41.53	3.11	0.00	0.00	0.00	0.00	1.73	50.71	73.58	0.44	26.55	3217	41533	1400	0	0	0	0	0	46150	134.21	43.45	29.21	163.31	81.37	149.01	55.08	1.04	23.99	22.80
7/8/2024 12:37:24 PM	6.74	41.53	3.34	0.00	0.00	0.00	0.00	1.66	51.61	73.96	0.45	26.46	3573	41533	1503	0	0	0	0	0	46609	134.90	44.21	28.35	163.52	82.55	150.49	57.72	1.04	24.04	22.85
7/8/2024 12:37:26 PM	6.19	42.54	3.17	0.00	0.00	0.00	0.00	1.82	51.91	72.92	0.49	26.36	3283	42545	1428	0	0	0	0	0	47256	133.01	44.45	29.87	166.13	83.93	153.78	56.67	1.05	24.07	22.85
7/8/2024 12:37:29 PM	6.02	41.47	3.41	0.00	0.00	0.00	0.00	1.75	50.90	74.21	0.49	26.46	3193	41467	1534	0	0	0	0	0	46194	135.36	43.95	28.06	160.99	82.17	151.81	56.29	1.05	24.13	22.93
7/8/2024 12:37:32 PM	4.78	42.64	2.98	0.00	0.00	0.00	0.00	1.91	50.40	73.84	0.51	26.38	2531	42638	1341	0	0	0	0	0	46511	134.69	43.63	29.17	165.81	81.41	152.17	51.84	1.05	24.13	22.96
7/8/2024 12:37:35 PM	6.49	41.80	3.17	0.00	0.00	0.00	0.00	1.82	51.46	73.76	0.53	26.33	3439	41801	1429	0	0	0	0	0	46668	134.54	44.18	28.50	163.58	83.96	151.78	57.42	1.05	24.16	22.96
7/8/2024 12:37:38 PM	6.69	40.73	2.65	0.00	0.00	0.00	0.00	1.82	50.06	73.90	0.54	26.35	3544	40727	1190	0	0	0	0	0	45461	134.80	42.33	28.36	159.31	82.18	147.74	55.67	1.05	24.19	22.99
7/8/2024 12:37:40 PM	5.62	42.29	1.42	0.00	0.00	0.00	0.00	1.87	49.32	74.05	0.56	26.29	2976	42289	637	0	0	0	0	0	45903	135.07	40.41	27.89	163.23	78.65	150.78	47.99	1.05	24.24	23.03
7/8/2024 12:37:43 PM	5.65	43.06	1.49	0.00	0.00	0.00	0.00	1.85	50.20	74.34	0.56	26.30	2992	43059	672	0	0	0	0	0	46723	135.60	41.11	28.79	167.05	79.17	152.34	48.37	1.05	24.29	23.09
7/8/2024 12:37:46 PM	6.66	43.04	1.63	0.00	0.00	0.00	0.00	1.74	51.33	73.93	0.58	26.26	3528	43040	734	0	0	0	0	0	47302	134.85	41.76	28.75	168.06	80.41	153.04	51.50	1.06	24.31	23.07
7/8/2024 12:37:48 PM	6.37	42.87	1.75	0.00	0.00	0.00	0.00	1.82	50.99	73.90	0.58	26.24	3374	42873	787	0	0	0	0	0	47035	134.79	41.75	29.32	166.42	80.98	153.32	51.57	1.06	24.32	23.06
7/8/2024 12:37:51 PM	6.29	43.71	0.57	0.00	0.00	0.00	0.00	1.81	50.58	74.55	0.59	26.28	3335	43711	258	0	0	0	0	0	47304	135.98	39.78	29.41	168.78	78.38	154.36	46.72	1.06	24.34	23.12
7/8/2024 12:37:54 PM	4.76	44.01	0.59	0.00	0.00	0.00	0.00	1.94	49.35	74.86	0.60	26.26	2522	44006	264	0	0	0	0	0	46793	136.55	39.46	29.13	168.43	76.85	154.49	42.71	1.06	24.39	23.12
7/8/2024 12:37:56 PM	4.40	43.76	1.72	0.00	0.00	0.00	0.00	1.90	49.88	74.82	0.61	26.26	2332	43756	775	0	0	0	0	0	46862	136.47	41.47	28.73	168.01	78.05	154.84	45.72	1.06	24.43	23.20
7/8/2024 12:38:00 PM	6.20	44.49	1.06	0.00	0.00	0.00	0.00	1.80	51.75	74.23	0.64	26.11	3286	44493	477	0	0	0	0	0	48257	135.40	41.50	28.75	172.56	79.95	156.99	48.49	1.06	24.45	23.15
7/8/2024 12:38:02 PM	5.48	43.33	0.27	0.00	0.00	0.00	0.00	1.85	49.09	74.71	0.65	26.18	2907	43330	123	0	0	0	0	0	46359	136.27	38.57	28.39	166.48	76.00	152.24	43.05	1.06	24.48	23.17
7/8/2024 12:38:05 PM	4.91	43.22	0.31	0.00	0.00	0.00	0.00	1.86	48.43	74.61	0.66	26.22	2600	43219	137	0	0	0	0	0	45957	136.09	38.25	28.53	165.69	74.76	151.33	41.31	1.06	24.50	23.22
7/8/2024 12:38:08 PM	5.55	42.52	0.14	0.00	0.00	0.00	0.00	1.86	48.21	74.86	0.69	26.18	2943	42519	61	0	0	0	0	0	45522	136.55	37.84	27.52	163.84	75.27	149.09	42.56	1.07	24.54	23.22
7/8/2024 12:38:10 PM	4.71	43.82	1.08	0.00	0.00	0.00	0.00	1.83	49.61	74.64	0.70	26.06	2497	43819	486	0	0	0	0	0	46803	136.14	40.19	28.58	168.22	76.29	154.24	43.71	1.07	24.60	23.32
7/8/2024 12:38:13 PM	5.34	42.53	0.78	0.00	0.00	0.00	0.00	1.77	48.65	74.50	0.73	25.96	2829	42528	352	0	0	0	0	0	45709	135.89	38.80	27.99	163.10	75.21	150.76	43.90	1.07	24.60	23.33
7/8/2024 12:38:16 PM	5.23	43.49	0.58	0.00	0.00	0.00	0.00	1.80	49.31	75.07	0.74	25.87	2772	43490	263	0	0	0	0	0	46525	136.94	39.20	28.91	168.29	75.67	151.51	43.13	1.07	24.62	23.32
7/8/2024 12:38:19 PM	5.17	44.99	0.00	0.00	0.00	0.00	0.00	1.87	50.16	74.97	0.75	25.82	2741	44987	0	0	0	0	0	0	47728	136.75	38.80	29.98	172.50	76.24	156.62	41.47	1.07	24.67	23.35
7/8/2024 12:38:21 PM	5.34	43.97	0.00	0.00	0.00	0.00	0.00	1.80	49.31	74.95	0.77	25.79	2830	43971	0	0	0	0	0	0	46801	136.70	37.26	28.53	169.13	75.00	153.38	41.32	1.08	24.70	23.36
7/8/2024 12:38:24 PM	5.00	42.80	0.00	0.00	0.00	0.00	0.00	1.86	47.79	75.14	0.79	25.80	2648	42798	0	0	0	0	0	0	45446	137.05	36.68	27.61	163.79	73.97	150.08	40.31	1.08	24.72	23.41
7/8/2024 12:38:27 PM	3.98	41.78	0.41	0.00	0.00	0.00	0.00	1.95	46.17	75.72	0.82	25.77	2108	41784	185	0	0	0	0	0	44077	138.11	36.96	27.95	158.18	72.92	147.68	39.03	1.08	24.75	23.46
7/8/2024 12:38:30 PM	4.60	42.37	0.00	0.00	0.00	0.00	0.00	1.80	46.97	75.42	0.83	25.79	2436	42373	0	0	0	0	0	0	44809	137.57	36.00	27.95	162.63	71.83	147.37	38.44	1.08	24.79	23.49
7/8/2024 12:38:32 PM	4.02	42.21	0.00	0.00	0.00	0.00	0.00	1.79	46.23	75.87	0.88	25.76	2130	42213	0	0	0	0	0	0	44343	138.39	35.45	27.60	160.68	70.21	147.37	36.47	1.09	24.81	23.49
7/8/2024 12:38:35 PM	3.61	40.63	0.00	0.00	0.00	0.00	0.00	1.77	44.24	76.46	0.87	25.70	1913	40633	0	0	0	0	0	0	42546	139.47	33.96	26.23	154.70	67.61	141.69	34.54	1.09	24.82	23.49
7/8/2024 12:38:38 PM	3.58	39.82	0.00	0.00	0.00	0.00	0.00	1.75	43.39	77.65	0.88	25.69	1895	39817	0	0	0	0	0	0	41712	141.62	32.85	26.01	152.22	66.71	138.39	34.11	1.09	24.87	23.56
7/8/2024 12:38:41 PM	3.30	40.53	0.00	0.00	0.00	0.00	0.00	1.77	43.83	77.79	0.89	25.68	1748	40529	0	0	0	0	0	0	42277	141.88	32.63	26.18	155.13	67.03	140.13	33.53	1.09	24.89	23.60
7/8/2024 12:38:44 PM	3.42	39.82	0.00	0.00	0.00	0.00	0.00	1.68	43.24	77.43	0.92	25.65	1812	39818	0	0	0	0	0	0	41631	141.22	32.02	25.62	151.50	65.49	139.01	33.18	1.09	24.90	23.64
7/8/2024 12:38:46 PM	3.15	39.45	0.00	0.00	0.00	0.00	0.00	1.76	42.60	77.46	0.95	25.64	1669	39452	0	0	0	0	0	0	41121	141.28	32.02	25.89	150.48	65.54	136.93	32.68	1.09	24.94	23.60
7/8/2024 12:38:49 PM	3.60	39.62	0.00	0.00	0.00	0.00	0.00	1.70	43.22	77.54	0.94	25.68	1908	39622	0	0	0	0	0	0	41529	141.43	32.75	25.84	152.43	65.94	136.73	33.77	1.09	24.95	23.65
7/8/2024 12:38:51 PM	3.37	39.05	0.00	0.00	0.00	0.00	0.00	1.69	42.41	77.72	0.95	25.66	1784	39047	0	0	0	0	0	0	40831	141.75	31.70	25.25	150.19	64.90	134.69	32.83	1.09	25.00	23.65
7/8/2024 12:38:54 PM	3.08	38.61	0.00	0.00	0.00	0.00	0.00	1.72	41.69	77.57	0.96	25.63	1631	38614	0	0	0	0	0	0	40246	141.48	31.10	24.92	148.77	64.28	132.66	31.96	1.09	25.02	23.67
7/8/2024 12:38:57 PM	2.97	37.24	0.00	0.00	0.00	0.00	0.00	1.70	40.22	77.64	0.97	25.60	1576	37242	0	0	0	0	0	0	38818	141.62	30.09	24.56	143.70	62.64	127.86	31.15	1.10	25.04	23.75
7/8/2024 12:39:00 PM	2.44	36.41	0.00	0.00	0.00	0.00	0.00	1.77	38.86	78.06	0.97	25.58	1294	36414	0	0	0	0	0	0	37708	142.39	29.36	24.11	140.04	61.52	124.93	29.61	1.10	25.05	23.64
7/8/2024 12:39:02 PM	2.79	34.55	0.00	0.00	0.00	0.00	0.00	1.65	37.34	78.66	0.99	25.55	1477	34550	0	0	0	0	0	0	36027	143.47	28.05	21.78	133.32	59.15	119.31	29.44	1.10	25.06	23.73
7/8/2024 12:39:05 PM	2.54	30.45	0.00	0.00	0.00	0.00	0.00	1.73	32.99	79.37	1.01	25.52	1345	30451	0	0	0	0	0	0	31796	144.77	26.74	19.97	114.82	55.95	108.73	28.18	1.10	25.09	23.75
7/8/2024 12:39:08 PM	2.49	29.16	0.00	0.00	0.00	0.00	0.00	1.66	31.65	80.36	1.03	25.51	1318	29163	0	0	0	0	0	0	30481	146.57	25.33	19.35	112.49	53.89	101.76	27.13	1.10	25.13	23.81
7/8/2024 12:39:11 PM	1.59	23.01	0.00	0.41	0.00	0.00	0.00	1.70	25.01	79.94	1.01	25.50	843	23013	0	12	0	0	0	0	23868	145.81	22.28	15.63	87.30	48.16	85.23	24.55	1.10	25.15	23.81
7/8/2024 12:39:13 PM	2.38	25.94	0.00	0.00	0.00	0.00	0.00	1.61	28.33	81.35	1.02	25.51	1263	25945	0	0	0	0	0	0	27207	148.37	22.91	17.02	98.06	50.21	93.76	25.69	1.10	25.15	23.85
7/8/2024 12:39:16 PM	2.35	23.22	0.00	0.00	0.00	0.00	0.00	1.58	25.57	80.99	1.05	25.49	1243	23220	0	0	0	0	0	0	24463	147.73	21.15	14.76	88.73	47.51	84.02	24.67	1.10	25.20	23.89
7/8/2024 12:39:19 PM	1.45	19.98	0.52	0.00	0.00	0.00	0.00	1.60	21.94	81.78	1.06	25.44	766	19979	232	0	0	0	0	0	20978	149.16	19.90	12.91	75.98	44.14	73.66	23.06	1.10	25.22	23.89
7/8/2024 12:39:21 PM	1.92	19.14	0.14	0.00	0.00	0.00	0.00	1.53	21.20	81.48	1.07	25.45	1015	19142	65	0	0	0	0	0	20222	148.61	18.59	12.84	73.22	42.63	70.44	22.40	1.11	25.26	23.91
7/8/2024 12:39:24 PM	1.55	16.65	0.00	0.00	0.00	0.00	0.00	1.47	18.21	81.86	1.08	25.05	823	16653	0	0	0	0	0	0	17476	149.30	16.31	11.04	64.70	38.52	60.59	19.54	1.11	25.25	23.89
7/8/2024 12:39:27 PM	1.86	17.21	0.02	0.00	0.00	0.00	0.00	1.44	19.10	82.43	1.09	25.01	984	17214	11	0	0	0	0	0	18209	150.35	16.86	11.39	66.71	39.33	63.04	20.57	1.11	25.29	23.96
7/8/2024 12:39:30 PM	1.92	17.77	0.00	0.00	0.00	0.00	0.00	1.44	19.69	82.04	1.13	25.03	1015	17771	0	0	0	0	0	0	18786	149.63	16.84	11.87	69.45	39.99	64.23	20.83	1.11	25.31	23.96
7/8/2024 12:39:32 PM	2.16	19.95	0.00	0.00	0.00	0.00	0.00	1.45	22.11	81.76	1.15	25.02	1143	19953	0	0	0	0	0	0	21096	149.13	19.03	13.05	78.27	42.48	70.94	22.22	1.11	25.31	23.97
7/8/2024 12:39:35 PM	2.38	20.86	0.00	0.00	0.00	0.00	0.00	1.37	23.24	81.29	1.15	25.01	1261	20862	0	0	0	0	0	0	22123	148.27	19.06	13.43	81.58	42.68	74.40	22.63	1.11	25.35	24.01
7/8/2024 12:39:38 PM	2.00	19.83	0.00	0.00	0.00	0.00	0.00	1.45	21.83	81.70	1.17	25.04	1062	19826	0	0	0	0	0	0	20888	149.02	18.54	13.11	76.57	41.95	71.61	21.70	1.12	25.37	24.05
7/8/2024 12:39:41 PM	2.11	19.87	0.00	0.00	0.00	0.00	0.00	1.44	21.98	81.87	1.19	25.03	1120	19871	0	0	0	0	0	0	20991	149.33	18.58	13.37	76.82	42.22	71.81	22.05	1.12	25.35	24.04
7/8/2024 12:39:44 PM	1.95	20.58	0.00	0.00	0.00	0.00	0.00	1.46	22.54	82.17	1.21	25.05	1035	20585	0	0	0	0	0	0	21620	149.87	18.74	13.64	79.42	42.77	74.03	21.86	1.12	25.38	24.12
7/8/2024 12:39:46 PM	2.15	19.49	0.00	0.00	0.00	0.00	0.00	1.36	21.64	80.96	1.21	25.01	1138	19488	0	0	0	0	0	0	20626	147.67	17.93	13.09	75.40	40.90	70.58	21.52	1.12	25.40	24.17
7/8/2024 12:39:49 PM	1.97	20.56	0.00	0.00	0.00	0.00	0.00	1.41	22.53	80.33	1.23	25.02	1045	20562	0	0	0	0	0	0	21607	146.53	18.76	13.79	79.72	42.06	73.46	21.54	1.12	25.46	24.14
7/8/2024 12:39:52 PM	2.51	21.94	0.00	0.00	0.00	0.00	0.00	1.37	24.45	80.11	1.25	25.02	1330	21938	0	0	0	0	0	0	23267	146.12	19.52	14.68	85.77	44.03	77.87	23.40	1.12	25.47	24.18
7/8/2024 12:39:55 PM	2.47	20.74	0.00	0.00	0.00	0.00	0.00	1.32	23.21	80.45	1.29	25.00	1310	20739	0	0	0	0	0	0	22049	146.73	18.37	13.38	81.70	42.30	73.58	22.61	1.13	25.45	24.25
7/8/2024 12:39:57 PM	2.32	18.68	0.00	0.00	0.00	0.00	0.00	1.37	21.00	81.45	1.31	24.92	1232	18678	0	0	0	0	0	0	19910	148.56	17.23	12.49	73.52	40.77	67.10	21.91	1.13	25.46	24.18
7/8/2024 12:40:00 PM	2.47	16.95	0.00	0.00	0.00	0.00	0.00	1.31	19.42	81.65	1.35	24.96	1309	16946	0	0	0	0	0	0	18255	148.93	16.51	11.64	66.66	38.79	61.97	21.55	1.13	25.50	24.26
7/8/2024 12:40:03 PM	2.84	15.95	0.14	0.00	0.00	0.00	0.00	1.19	18.93	82.07	1.35	24.98	1504	15953	62	0	0	0	0	0	17519	149.69	16.26	11.12	63.49	37.53	58.91	22.23	1.13	25.51	24.30
7/8/2024 12:40:06 PM	3.56	16.55	0.00	0.00	0.00	0.00	0.00	1.12	20.11	81.54	1.34	24.97	1885	16551	0	0	0	0	0	0	18436	148.72	16.11	11.97	66.54	38.37	60.84	23.66	1.13	25.52	24.25
7/8/2024 12:40:08 PM	3.08	16.13	0.05	0.00	0.00	0.00	0.00	1.20	19.25	81.75	1.35	25.00	1631	16131	21	0	0	0	0	0	17782	149.11	16.23	11.65	63.66	38.10	60.19	22.77	1.13	25.55	24.30
7/8/2024 12:40:11 PM	5.36	11.92	0.55	0.00	0.00	0.00	0.00	1.45	17.83	81.29	1.38	25.02	2840	11918	249	0	0	0	0	0	15007	148.27	16.22	9.54	51.07	44.70	48.35	32.95	1.13	25.56	24.30
7/8/2024 12:40:14 PM	5.62	11.46	0.96	0.00	0.00	0.00	0.00	1.42	18.05	80.46	1.40	24.95	2976	11464	434	0	0	0	0	0	14875	146.76	16.89	9.29	50.03	45.57	47.44	35.14	1.14	25.55	24.31
7/8/2024 12:40:16 PM	5.12	12.08	0.86	0.00	0.00	0.00	0.00	1.43	18.05	81.36	1.45	24.71	2711	12076	388	0	0	0	0	0	15175	148.39	16.80	9.32	51.12	44.77	49.71	33.32	1.14	25.60	24.36
7/8/2024 12:40:19 PM	6.93	10.36	0.82	0.00	0.00	0.00	0.00	1.54	18.11	80.92	1.47	24.71	3671	10364	370	0	0	0	0	0	14405	147.60	16.82	8.72	47.11	49.07	44.68	39.44	1.14	25.60	24.42
7/8/2024 12:40:22 PM	8.39	8.52	1.03	0.00	0.00	0.00	0.00	1.71	17.94	79.55	1.57	24.71	4447	8515	465	0	0	0	0	0	13427	145.10	17.11	8.12	41.74	53.77	40.09	45.77	1.15	25.61	24.41
7/8/2024 12:40:25 PM	7.69	9.20	0.97	0.00	0.00	0.00	0.00	1.61	17.86	79.80	1.57	24.65	4074	9205	437	0	0	0	0	0	13716	145.55	16.83	8.43	43.29	51.18	42.00	42.71	1.15	25.61	24.42
7/8/2024 12:40:27 PM	8.71	8.49	0.71	0.40	0.00	0.00	0.00	1.68	18.31	79.36	1.60	24.48	4615	8491	319	12	0	0	0	0	13437	144.75	17.68	8.31	42.01	54.32	41.99	46.88	1.16	25.64	24.46
7/8/2024 12:40:30 PM	8.59	10.07	0.83	0.00	0.00	0.00	0.00	1.59	19.49	79.75	1.61	24.30	4553	10072	374	0	0	0	0	0	14998	145.46	17.70	8.75	47.89	53.40	44.61	45.17	1.16	25.68	24.52
7/8/2024 12:40:33 PM	9.23	8.65	0.03	0.88	0.00	0.00	0.00	1.66	18.79	79.38	1.65	24.05	4893	8646	12	26	0	0	0	0	13578	144.79	17.98	8.87	43.46	54.82	43.99	47.60	1.16	25.66	24.47
7/8/2024 12:40:36 PM	8.66	6.22	1.27	0.00	0.00	0.00	0.00	1.82	16.15	79.43	1.66	23.70	4588	6221	572	0	0	0	0	0	11381	144.88	16.46	6.81	34.16	54.71	32.67	47.82	1.16	25.67	24.54
7/8/2024 12:40:39 PM	8.85	5.40	1.07	0.00	0.00	0.00	0.00	1.80	15.32	79.40	1.67	23.40	4693	5397	482	0	0	0	0	0	10572	144.83	15.53	6.12	31.01	53.72	30.02	47.33	1.16	25.68	24.57
7/8/2024 12:40:41 PM	8.56	4.95	1.03	0.00	0.00	0.00	0.00	1.88	14.54	79.36	1.69	23.38	4535	4951	463	0	0	0	0	0	9950	144.76	15.10	5.70	28.70	53.64	28.79	46.63	1.17	25.72	24.59
7/8/2024 12:40:44 PM	9.08	5.09	0.90	0.00	0.00	0.00	0.00	1.85	15.07	79.47	1.71	23.14	4811	5087	406	0	0	0	0	0	10304	144.94	15.16	6.19	30.15	54.20	28.74	47.62	1.17	25.73	24.63
7/8/2024 12:40:47 PM	8.80	4.95	0.96	0.00	0.00	0.00	0.00	1.86	14.70	79.63	1.74	22.93	4663	4950	430	0	0	0	0	0	10043	145.25	14.97	6.31	29.01	53.65	28.57	46.94	1.17	25.72	24.55
7/8/2024 12:40:50 PM	8.78	3.96	0.18	0.57	0.00	0.00	0.00	1.90	13.49	79.54	1.76	23.01	4652	3962	81	17	0	0	0	0	8712	145.07	14.40	5.86	25.87	52.84	26.77	46.00	1.17	25.74	24.62
7/8/2024 12:40:53 PM	8.96	4.44	0.93	0.07	0.00	0.00	0.00	1.87	14.40	79.31	1.79	23.06	4748	4443	418	2	0	0	0	0	9611	144.65	14.91	5.90	27.34	53.94	27.39	47.62	1.18	25.75	24.63
7/8/2024 12:40:55 PM	8.82	4.56	1.01	0.00	0.00	0.00	0.00	1.85	14.39	79.50	1.80	23.20	4674	4557	456	0	0	0	0	0	9687	145.00	14.83	6.01	27.67	53.41	27.33	47.09	1.18	25.76	24.62
7/8/2024 12:40:58 PM	8.44	3.91	0.32	0.54	0.00	0.00	0.00	1.89	13.21	79.70	1.91	23.29	4475	3906	146	16	0	0	0	0	8543	145.37	14.39	5.53	25.36	52.11	26.48	45.26	1.19	25.77	24.68
7/8/2024 12:41:01 PM	10.68	7.40	1.94	0.00	0.00	0.00	0.00	1.76	20.02	77.62	1.98	22.58	5659	7403	873	0	0	0	0	0	13935	141.59	20.09	8.40	44.94	61.30	34.22	56.87	1.19	25.77	24.75
7/8/2024 12:41:03 PM	8.25	3.80	0.77	0.65	0.00	0.00	0.00	1.87	13.47	79.77	2.01	22.16	4375	3795	346	19	0	0	0	0	8535	145.51	15.45	5.67	25.44	52.70	26.82	46.68	1.20	25.75	24.70
7/8/2024 12:41:06 PM	8.16	5.10	2.52	0.00	0.00	0.00	0.00	1.84	15.78	78.69	2.07	22.26	4326	5100	1132	0	0	0	0	0	10558	143.54	18.10	6.57	30.60	55.98	30.03	51.04	1.20	25.76	24.73
